  -0.0004   0.0773   0.1586   0.2428   0.3289   0.4160   0.5031   0.5892   0.6734   0.7548   0.8326   0.9057   0.9736   1.0353
   0.0012   0.0795   0.1612   0.2458   0.3322   0.4195   0.5068   0.5931   0.6775   0.7590   0.8367   0.9099   0.9775   1.0390
   0.0017   0.0815   0.1637   0.2486   0.3353   0.4229   0.5105   0.5970   0.6815   0.7631   0.8408   0.9139   0.9814   1.0427
   0.0022   0.0834   0.1660   0.2513   0.3383   0.4263   0.5141   0.6008   0.6854   0.7671   0.8448   0.9178   0.9853   1.0464
   0.0026   0.0853   0.1683   0.2539   0.3413   0.4295   0.5175   0.6045   0.6892   0.7710   0.8488   0.9217   0.9890   1.0499
   0.0029   0.0870   0.1705   0.2565   0.3442   0.4327   0.5210   0.6081   0.6930   0.7748   0.8526   0.9256   0.9927   1.0535
   0.0032   0.0886   0.1726   0.2590   0.3470   0.4358   0.5243   0.6116   0.6967   0.7786   0.8564   0.9293   0.9964   1.0569
   0.0035   0.0902   0.1747   0.2614   0.3498   0.4388   0.5276   0.6150   0.7003   0.7823   0.8601   0.9330   1.0000   1.0603
   0.0038   0.0918   0.1767   0.2638   0.3525   0.4418   0.5308   0.6184   0.7038   0.7859   0.8638   0.9366   1.0035   1.0637
   0.0041   0.0932   0.1786   0.2661   0.3551   0.4447   0.5339   0.6217   0.7072   0.7894   0.8674   0.9402   1.0070   1.0670
   0.0043   0.0947   0.1805   0.2684   0.3577   0.4475   0.5370   0.6250   0.7106   0.7929   0.8709   0.9437   1.0104   1.0703
   0.0045   0.0960   0.1824   0.2706   0.3602   0.4503   0.5400   0.6282   0.7140   0.7963   0.8744   0.9471   1.0138   1.0735
   0.0048   0.0974   0.1842   0.2728   0.3626   0.4530   0.5429   0.6313   0.7172   0.7997   0.8778   0.9505   1.0171   1.0767
   0.0050   0.0987   0.1860   0.2749   0.3651   0.4557   0.5458   0.6344   0.7204   0.8030   0.8811   0.9538   1.0203   1.0798
   0.0052   0.1000   0.1877   0.2770   0.3674   0.4583   0.5486   0.6374   0.7236   0.8062   0.8844   0.9571   1.0235   1.0829
   0.0054   0.1013   0.1894   0.2790   0.3698   0.4609   0.5514   0.6404   0.7267   0.8094   0.8876   0.9603   1.0267   1.0860
   0.0056   0.1025   0.1911   0.2810   0.3721   0.4634   0.5542   0.6433   0.7297   0.8125   0.8908   0.9635   1.0298   1.0890
   0.0058   0.1037   0.1927   0.2830   0.3743   0.4659   0.5569   0.6461   0.7327   0.8156   0.8939   0.9666   1.0329   1.0919
   0.0060   0.1049   0.1943   0.2849   0.3765   0.4684   0.5595   0.6489   0.7356   0.8186   0.8969   0.9697   1.0359   1.0948
   0.0062   0.1060   0.1959   0.2868   0.3787   0.4708   0.5621   0.6517   0.7385   0.8216   0.9000   0.9727   1.0389   1.0977
   0.0063   0.1072   0.1975   0.2887   0.3809   0.4732   0.5647   0.6544   0.7413   0.8245   0.9029   0.9756   1.0418   1.1005
   0.0065   0.1083   0.1990   0.2906   0.3830   0.4755   0.5672   0.6571   0.7441   0.8274   0.9058   0.9786   1.0447   1.1033
   0.0067   0.1094   0.2005   0.2924   0.3850   0.4778   0.5696   0.6597   0.7468   0.8302   0.9087   0.9814   1.0475   1.1061
   0.0069   0.1105   0.2020   0.2942   0.3871   0.4800   0.5721   0.6622   0.7495   0.8329   0.9115   0.9843   1.0503   1.1088
   0.0070   0.1115   0.2035   0.2959   0.3891   0.4822   0.5744   0.6648   0.7522   0.8357   0.9143   0.9870   1.0531   1.1115
   0.0072   0.1126   0.2049   0.2977   0.3911   0.4844   0.5768   0.6672   0.7547   0.8383   0.9170   0.9898   1.0558   1.1141
   0.0074   0.1136   0.2063   0.2994   0.3930   0.4865   0.5791   0.6697   0.7573   0.8409   0.9197   0.9925   1.0584   1.1167
   0.0075   0.1146   0.2077   0.3011   0.3949   0.4886   0.5813   0.6721   0.7598   0.8435   0.9223   0.9951   1.0611   1.1193
   0.0077   0.1156   0.2091   0.3027   0.3968   0.4907   0.5836   0.6744   0.7622   0.8460   0.9249   0.9977   1.0637   1.1218
   0.0079   0.1166   0.2105   0.3044   0.3987   0.4928   0.5858   0.6767   0.7646   0.8485   0.9274   1.0003   1.0662   1.1243
   0.0080   0.1176   0.2118   0.3060   0.4005   0.4948   0.5879   0.6790   0.7670   0.8510   0.9299   1.0028   1.0687   1.1268
   0.0082   0.1186   0.2132   0.3076   0.4023   0.4967   0.5900   0.6812   0.7693   0.8533   0.9323   1.0052   1.0712   1.1292
   0.0083   0.1196   0.2145   0.3091   0.4041   0.4987   0.5921   0.6834   0.7716   0.8557   0.9347   1.0076   1.0736   1.1316
   0.0085   0.1205   0.2158   0.3107   0.4058   0.5006   0.5941   0.6855   0.7738   0.8580   0.9370   1.0100   1.0760   1.1339
   0.0086   0.1214   0.2171   0.3122   0.4075   0.5024   0.5961   0.6876   0.7760   0.8602   0.9393   1.0124   1.0783   1.1362
   0.0088   0.1224   0.2183   0.3137   0.4092   0.5043   0.5981   0.6897   0.7781   0.8624   0.9416   1.0146   1.0806   1.1385
   0.0089   0.1233   0.2196   0.3152   0.4109   0.5061   0.6000   0.6917   0.7802   0.8646   0.9438   1.0169   1.0828   1.1408
   0.0091   0.1242   0.2208   0.3167   0.4125   0.5079   0.6019   0.6937   0.7823   0.8667   0.9460   1.0191   1.0851   1.1430
   0.0092   0.1251   0.2220   0.3181   0.4142   0.5096   0.6037   0.6956   0.7843   0.8688   0.9481   1.0212   1.0872   1.1451
   0.0093   0.1260   0.2233   0.3196   0.4157   0.5113   0.6055   0.6975   0.7862   0.8708   0.9502   1.0234   1.0894   1.1473
   0.0095   0.1269   0.2245   0.3210   0.4173   0.5130   0.6073   0.6994   0.7882   0.8728   0.9522   1.0254   1.0915   1.1494
   0.0096   0.1278   0.2256   0.3224   0.4188   0.5147   0.6091   0.7012   0.7900   0.8747   0.9542   1.0275   1.0935   1.1514
   0.0098   0.1286   0.2268   0.3237   0.4204   0.5163   0.6108   0.7029   0.7919   0.8766   0.9561   1.0294   1.0955   1.1534
   0.0099   0.1295   0.2280   0.3251   0.4219   0.5179   0.6124   0.7047   0.7937   0.8784   0.9580   1.0314   1.0975   1.1554
   0.0101   0.1304   0.2291   0.3264   0.4233   0.5194   0.6141   0.7063   0.7954   0.8802   0.9599   1.0333   1.0995   1.1574
   0.0102   0.1312   0.2302   0.3277   0.4248   0.5210   0.6156   0.7080   0.7971   0.8820   0.9616   1.0351   1.1013   1.1593
   0.0103   0.1321   0.2314   0.3290   0.4262   0.5224   0.6172   0.7096   0.7987   0.8837   0.9634   1.0369   1.1032   1.1612
   0.0105   0.1329   0.2325   0.3303   0.4276   0.5239   0.6187   0.7111   0.8003   0.8853   0.9651   1.0387   1.1050   1.1630
   0.0106   0.1337   0.2336   0.3316   0.4289   0.5253   0.6202   0.7127   0.8019   0.8869   0.9667   1.0404   1.1068   1.1648
   0.0107   0.1345   0.2346   0.3328   0.4303   0.5267   0.6216   0.7141   0.8034   0.8884   0.9683   1.0420   1.1085   1.1666
   0.0109   0.1353   0.2357   0.3340   0.4316   0.5281   0.6230   0.7155   0.8048   0.8899   0.9699   1.0436   1.1102   1.1683
   0.0110   0.1362   0.2368   0.3352   0.4328   0.5294   0.6244   0.7169   0.8062   0.8914   0.9714   1.0452   1.1118   1.1700
   0.0111   0.1370   0.2378   0.3364   0.4341   0.5307   0.6257   0.7182   0.8076   0.8928   0.9728   1.0467   1.1134   1.1717
   0.0113   0.1378   0.2388   0.3376   0.4353   0.5320   0.6269   0.7195   0.8089   0.8941   0.9742   1.0482   1.1149   1.1733
   0.0114   0.1385   0.2399   0.3387   0.4365   0.5332   0.6282   0.7208   0.8101   0.8954   0.9756   1.0496   1.1164   1.1748
   0.0116   0.1393   0.2409   0.3398   0.4377   0.5344   0.6294   0.7219   0.8113   0.8966   0.9768   1.0510   1.1179   1.1764
   0.0117   0.1401   0.2419   0.3409   0.4388   0.5355   0.6305   0.7231   0.8125   0.8978   0.9781   1.0523   1.1193   1.1779
   0.0118   0.1409   0.2429   0.3420   0.4400   0.5366   0.6316   0.7242   0.8136   0.8989   0.9792   1.0535   1.1206   1.1793
   0.0120   0.1416   0.2438   0.3431   0.4411   0.5377   0.6326   0.7252   0.8146   0.9000   0.9804   1.0547   1.1219   1.1807
   0.0121   0.1424   0.2448   0.3441   0.4421   0.5388   0.6337   0.7262   0.8156   0.9010   0.9814   1.0559   1.1232   1.1821
   0.0122   0.1432   0.2457   0.3451   0.4431   0.5398   0.6346   0.7271   0.8165   0.9019   0.9824   1.0570   1.1244   1.1834
   0.0124   0.1439   0.2467   0.3461   0.4441   0.5407   0.6355   0.7280   0.8173   0.9028   0.9833   1.0580   1.1255   1.1847
   0.0125   0.1446   0.2476   0.3471   0.4451   0.5416   0.6364   0.7288   0.8181   0.9036   0.9842   1.0590   1.1266   1.1859
   0.0126   0.1454   0.2485   0.3481   0.4460   0.5425   0.6372   0.7295   0.8188   0.9043   0.9850   1.0599   1.1276   1.1871
   0.0127   0.1461   0.2494   0.3490   0.4469   0.5433   0.6379   0.7302   0.8195   0.9050   0.9858   1.0607   1.1286   1.1882
   0.0129   0.1468   0.2503   0.3499   0.4478   0.5441   0.6386   0.7308   0.8201   0.9056   0.9864   1.0615   1.1296   1.1893
   0.0130   0.1476   0.2511   0.3508   0.4486   0.5449   0.6393   0.7314   0.8206   0.9061   0.9870   1.0622   1.1304   1.1904
   0.0131   0.1483   0.2520   0.3517   0.4494   0.5456   0.6399   0.7319   0.8210   0.9066   0.9875   1.0629   1.1312   1.1913
   0.0133   0.1490   0.2528   0.3525   0.4502   0.5462   0.6404   0.7323   0.8214   0.9070   0.9880   1.0634   1.1320   1.1923
   0.0134   0.1497   0.2536   0.3533   0.4509   0.5468   0.6408   0.7327   0.8217   0.9073   0.9884   1.0639   1.1327   1.1932
   0.0135   0.1504   0.2544   0.3541   0.4516   0.5473   0.6412   0.7329   0.8219   0.9075   0.9887   1.0644   1.1333   1.1940
   0.0137   0.1511   0.2552   0.3549   0.4522   0.5478   0.6416   0.7332   0.8221   0.9076   0.9889   1.0647   1.1338   1.1948
   0.0138   0.1518   0.2560   0.3556   0.4529   0.5483   0.6418   0.7333   0.8221   0.9077   0.9890   1.0650   1.1343   1.1955
   0.0139   0.1524   0.2568   0.3563   0.4534   0.5487   0.6421   0.7333   0.8221   0.9077   0.9891   1.0652   1.1347   1.1961
   0.0141   0.1531   0.2575   0.3570   0.4539   0.5490   0.6422   0.7333   2.1260   2.0607   0.9891   1.0653   1.1351   1.1967
   0.0142   0.1538   0.2583   0.3576   0.4544   0.5492   0.6422   2.1911   2.1260   2.0607   1.9971   1.0654   1.1353   1.1972
   0.0143   0.1544   0.2590   0.3582   0.4548   0.5494   0.6422   2.1911   2.1260   2.0607   1.9971   1.9367   1.1355   1.1977
   0.0145   0.1551   0.2597   0.3588   0.4552   0.5496   2.2536   2.1911   2.1260   2.0607   1.9971   1.9367   1.1356   1.1981
   0.0146   0.1557   0.2603   0.3594   0.4555   0.5497   2.2536   2.1911   2.1260   2.0607   1.9971   1.9367   1.1357   1.1984
   0.0147   0.1564   0.2610   0.3599   0.4558   0.5497   2.2536   2.1911   2.1260   2.0607   1.9971   1.9367   1.8806   1.1987
   0.0149   0.1570   0.2616   0.3604   0.4561   2.3108   2.2536   2.1911   2.1260   2.0607   1.9971   1.9367   1.8806   1.1989
   0.0150   0.1576   0.2623   0.3608   0.4562   2.3108   2.2536   2.1911   2.1260   2.0607   1.9971   1.9367   1.8806   1.1990
   0.0151   0.1582   0.2628   0.3612   0.4563   2.3108   2.2536   2.1911   2.1260   2.0607   1.9971   1.9367   1.8806   1.1990
   0.0153   0.1588   0.2634   0.3616   0.4564   2.3108   2.2536   2.1911   2.1260   2.0607   1.9971   1.9367   1.8806   1.8298
   0.0154   0.1594   0.2640   0.3619   0.4564   2.3108   2.2536   2.1911   2.1260   2.0607   1.9971   1.9367   1.8806   1.8298
   0.0155   0.1600   0.2645   0.3622   2.3599   2.3108   2.2536   2.1911   2.1260   2.0607   1.9971   1.9367   1.8806   1.8298
   0.0157   0.1606   0.2650   0.3624   2.3599   2.3108   2.2536   2.1911   2.1260   2.0607   1.9971   1.9367   1.8806   1.8298
   0.0158   0.1612   0.2655   0.3626   2.3599   2.3108   2.2536   2.1911   2.1260   2.0607   1.9971   1.9367   1.8806   1.8298
   0.0159   0.1618   0.2660   0.3628   2.3599   2.3108   2.2536   2.1911   2.1260   2.0607   1.9971   1.9367   1.8806   1.8298
   0.0161   0.1623   0.2664   0.3629   2.3599   2.3108   2.2536   2.1911   2.1260   2.0607   1.9971   1.9367   1.8806   1.8298
   0.0162   0.1629   0.2668   0.3629   2.3599   2.3108   2.2536   2.1911   2.1260   2.0607   1.9971   1.9367   1.8806   1.8298
   0.0163   0.1634   0.2672   0.3629   2.3599   2.3108   2.2536   2.1911   2.1260   2.0607   1.9971   1.9367   1.8806   1.8298
   0.0165   0.1639   0.2675   2.3980   2.3599   2.3108   2.2536   2.1911   2.1260   2.0607   1.9971   1.9367   1.8806   1.8298
   0.0166   0.1644   0.2678   2.3980   2.3599   2.3108   2.2536   2.1911   2.1260   2.0607   1.9971   1.9367   1.8806   1.8298
   0.0168   0.1649   0.2681   2.3980   2.3599   2.3108   2.2536   2.1911   2.1260   2.0607   1.9971   1.9367   1.8806   1.8298
   0.0169   0.1654   0.2684   2.3980   2.3599   2.3108   2.2536   2.1911   2.1260   2.0607   1.9971   1.9367   1.8806   1.8298
   0.0170   0.1659   0.2686   2.3980   2.3599   2.3108   2.2536   2.1911   2.1260   2.0607   1.9971   1.9367   1.8806   1.8298
   0.0172   0.1664   0.2688   2.3980   2.3599   2.3108   2.2536   2.1911   2.1260   2.0607   1.9971   1.9367   1.8806   1.8298
   0.0173   0.1669   0.2689   2.3980   2.3599   2.3108   2.2536   2.1911   2.1260   2.0607   1.9971   1.9367   1.8806   1.8298
   0.0175   0.1673   0.2690   2.3980   2.3599   2.3108   2.2536   2.1911   2.1260   2.0607   1.9971   1.9367   1.8806   1.8298
   0.0176   0.1677   0.2691   2.3980   2.3599   2.3108   2.2536   2.1911   2.1260   2.0607   1.9971   1.9367   1.8806   1.8298
   0.0177   0.1681   0.2691   2.3980   2.3599   2.3108   2.2536   2.1911   2.1260   2.0607   1.9971   1.9367   1.8806   1.8298
   0.0179   0.1685   2.4232   2.3980   2.3599   2.3108   2.2536   2.1911   2.1260   2.0607   1.9971   1.9367   1.8806   1.8298
   0.0180   0.1689   2.4232   2.3980   2.3599   2.3108   2.2536   2.1911   2.1260   2.0607   1.9971   1.9367   1.8806   1.8298
   0.0182   0.1693   2.4232   2.3980   2.3599   2.3108   2.2536   2.1911   2.1260   2.0607   1.9971   1.9367   1.8806   1.8298
   0.0183   0.1696   2.4232   2.3980   2.3599   2.3108   2.2536   2.1911   2.1260   2.0607   1.9971   1.9367   1.8806   1.8298
   0.0185   0.1699   2.4232   2.3980   2.3599   2.3108   2.2536   2.1911   2.1260   2.0607   1.9971   1.9367   1.8806   1.8298
   0.0186   0.1703   2.4232   2.3980   2.3599   2.3108   2.2536   2.1911   2.1260   2.0607   1.9971   1.9367   1.8806   1.8298
   0.0187   0.1705   2.4232   2.3980   2.3599   2.3108   2.2536   2.1911   2.1260   2.0607   1.9971   1.9367   1.8806   1.8298
   0.0189   0.1708   2.4232   2.3980   2.3599   2.3108   2.2536   2.1911   2.1260   2.0607   1.9971   1.9367   1.8806   1.8298
   0.0190   0.1710   2.4232   2.3980   2.3599   2.3108   2.2536   2.1911   2.1260   2.0607   1.9971   1.9367   1.8806   1.8298
   0.0192   0.1713   2.4232   2.3980   2.3599   2.3108   2.2536   2.1911   2.1260   2.0607   1.9971   1.9367   1.8806   1.8298
   0.0193   0.1714   2.4232   2.3980   2.3599   2.3108   2.2536   2.1911   2.1260   2.0607   1.9971   1.9367   1.8806   1.8298
   0.0195   0.1716   2.4232   2.3980   2.3599   2.3108   2.2536   2.1911   2.1260   2.0607   1.9971   1.9367   1.8806   1.8298
   0.0196   0.1717   2.4232   2.3980   2.3599   2.3108   2.2536   2.1911   2.1260   2.0607   1.9971   1.9367   1.8806   1.8298
   0.0198   0.1718   2.4232   2.3980   2.3599   2.3108   2.2536   2.1911   2.1260   2.0607   1.9971   1.9367   1.8806   1.8298
   0.0199   0.1719   2.4232   2.3980   2.3599   2.3108   2.2536   2.1911   2.1260   2.0607   1.9971   1.9367   1.8806   1.8298
   0.0201   0.1719   2.4232   2.3980   2.3599   2.3108   2.2536   2.1911   2.1260   2.0607   1.9971   1.9367   1.8806   1.8298
   0.0202   0.1719   2.4232   2.3980   2.3599   2.3108   2.2536   2.1911   2.1260   2.0607   1.9971   1.9367   1.8806   1.8298
   0.0204   2.4352   2.4232   2.3980   2.3599   2.3108   2.2536   2.1911   2.1260   2.0607   1.9971   1.9367   1.8806   1.8298
   0.0205   2.4352   2.4232   2.3980   2.3599   2.3108   2.2536   2.1911   2.1260   2.0607   1.9971   1.9367   1.8806   1.8298
   0.0207   2.4352   2.4232   2.3980   2.3599   2.3108   2.2536   2.1911   2.1260   2.0607   1.9971   1.9367   1.8806   1.8298
   0.0209   2.4352   2.4232   2.3980   2.3599   2.3108   2.2536   2.1911   2.1260   2.0607   1.9971   1.9367   1.8806   1.8298
   0.0210   2.4352   2.4232   2.3980   2.3599   2.3108   2.2536   2.1911   2.1260   2.0607   1.9971   1.9367   1.8806   1.8298
   0.0212   2.4352   2.4232   2.3980   2.3599   2.3108   2.2536   2.1911   2.1260   2.0607   1.9971   1.9367   1.8806   1.8298
   0.0213   2.4352   2.4232   2.3980   2.3599   2.3108   2.2536   2.1911   2.1260   2.0607   1.9971   1.9367   1.8806   1.8298
   0.0215   2.4352   2.4232   2.3980   2.3599   2.3108   2.2536   2.1911   2.1260   2.0607   1.9971   1.9367   1.8806   1.8298
   0.0216   2.4352   2.4232   2.3980   2.3599   2.3108   2.2536   2.1911   2.1260   2.0607   1.9971   1.9367   1.8806   1.8298
   0.0218   2.4352   2.4232   2.3980   2.3599   2.3108   2.2536   2.1911   2.1260   2.0607   1.9971   1.9367   1.8806   1.8298
   0.0220   2.4352   2.4232   2.3980   2.3599   2.3108   2.2536   2.1911   2.1260   2.0607   1.9971   1.9367   1.8806   1.8298
   0.0221   2.4352   2.4232   2.3980   2.3599   2.3108   2.2536   2.1911   2.1260   2.0607   1.9971   1.9367   1.8806   1.8298
   0.0223   2.4352   2.4232   2.3980   2.3599   2.3108   2.2536   2.1911   2.1260   2.0607   1.9971   1.9367   1.8806   1.8298
   0.0225   2.4352   2.4232   2.3980   2.3599   2.3108   2.2536   2.1911   2.1260   2.0607   1.9971   1.9367   1.8806   1.8298
   0.0226   2.4352   2.4232   2.3980   2.3599   2.3108   2.2536   2.1911   2.1260   2.0607   1.9971   1.9367   1.8806   1.8298
   0.0228   2.4352   2.4232   2.3980   2.3599   2.3108   2.2536   2.1911   2.1260   2.0607   1.9971   1.9367   1.8806   1.8298
   0.0229   2.4352   2.4232   2.3980   2.3599   2.3108   2.2536   2.1911   2.1260   2.0607   1.9971   1.9367   1.8806   1.8298
   0.0231   2.4352   2.4232   2.3980   2.3599   2.3108   2.2536   2.1911   2.1260   2.0607   1.9971   1.9367   1.8806   1.8298
   0.0233   2.4352   2.4232   2.3980   2.3599   2.3108   2.2536   2.1911   2.1260   2.0607   1.9971   1.9367   1.8806   1.8298
   0.0235   2.4352   2.4232   2.3980   2.3599   2.3108   2.2536   2.1911   2.1260   2.0607   1.9971   1.9367   1.8806   1.8298
   0.0236   2.4352   2.4232   2.3980   2.3599   2.3108   2.2536   2.1911   2.1260   2.0607   1.9971   1.9367   1.8806   1.8298
   0.0238   2.4352   2.4232   2.3980   2.3599   2.3108   2.2536   2.1911   2.1260   2.0607   1.9971   1.9367   1.8806   1.8298
   0.0240   2.4352   2.4232   2.3980   2.3599   2.3108   2.2536   2.1911   2.1260   2.0607   1.9971   1.9367   1.8806   1.8298
   0.0241   2.4352   2.4232   2.3980   2.3599   2.3108   2.2536   2.1911   2.1260   2.0607   1.9971   1.9367   1.8806   1.8298
   0.0243   2.4352   2.4232   2.3980   2.3599   2.3108   2.2536   2.1911   2.1260   2.0607   1.9971   1.9367   1.8806   1.8298
   0.0245   2.4352   2.4232   2.3980   2.3599   2.3108   2.2536   2.1911   2.1260   2.0607   1.9971   1.9367   1.8806   1.8298
   0.0246   2.4352   2.4232   2.3980   2.3599   2.3108   2.2536   2.1911   2.1260   2.0607   1.9971   1.9367   1.8806   1.8298
   0.0248   2.4352   2.4232   2.3980   2.3599   2.3108   2.2536   2.1911   2.1260   2.0607   1.9971   1.9367   1.8806   1.8298
   0.0250   2.4352   2.4232   2.3980   2.3599   2.3108   2.2536   2.1911   2.1260   2.0607   1.9971   1.9367   1.8806   1.8298
   0.0252   2.4352   2.4232   2.3980   2.3599   2.3108   2.2536   2.1911   2.1260   2.0607   1.9971   1.9367   1.8806   1.8298
   0.0253   2.4352   2.4232   2.3980   2.3599   2.3108   2.2536   2.1911   2.1260   2.0607   1.9971   1.9367   1.8806   1.8298
   0.0255   2.4352   2.4232   2.3980   2.3599   2.3108   2.2536   2.1911   2.1260   2.0607   1.9971   1.9367   1.8806   1.8298
   0.0257   2.4352   2.4232   2.3980   2.3599   2.3108   2.2536   2.1911   2.1260   2.0607   1.9971   1.9367   1.8806   1.8298
   0.0258   2.4352   2.4232   2.3980   2.3599   2.3108   2.2536   2.1911   2.1260   2.0607   1.9971   1.9367   1.8806   1.8298
   0.0260   2.4352   2.4232   2.3980   2.3599   2.3108   2.2536   2.1911   2.1260   2.0607   1.9971   1.9367   1.8806   1.8298
   0.0262   2.4352   2.4232   2.3980   2.3599   2.3108   2.2536   2.1911   2.1260   2.0607   1.9971   1.9367   1.8806   1.8298
   0.0263   2.4352   2.4232   2.3980   2.3599   2.3108   2.2536   2.1911   2.1260   2.0607   1.9971   1.9367   1.8806   1.8298
   0.0265   2.4352   2.4232   2.3980   2.3599   2.3108   2.2536   2.1911   2.1260   2.0607   1.9971   1.9367   1.8806   1.8298
   0.0266   2.4352   2.4232   2.3980   2.3599   2.3108   2.2536   2.1911   2.1260   2.0607   1.9971   1.9367   1.8806   1.8298
   0.0268   2.4352   2.4232   2.3980   2.3599   2.3108   2.2536   2.1911   2.1260   2.0607   1.9971   1.9367   1.8806   1.8298
   0.0269   2.4352   2.4232   2.3980   2.3599   2.3108   2.2536   2.1911   2.1260   2.0607   1.9971   1.9367   1.8806   1.8298
   0.0271   2.4352   2.4232   2.3980   2.3599   2.3108   2.2536   2.1911   2.1260   2.0607   1.9971   1.9367   1.8806   1.8298
   0.0272   2.4352   2.4232   2.3980   2.3599   2.3108   2.2536   2.1911   2.1260   2.0607   1.9971   1.9367   1.8806   1.8298
   0.0274   2.4352   2.4232   2.3980   2.3599   2.3108   2.2536   2.1911   2.1260   2.0607   1.9971   1.9367   1.8806   1.8298
   0.0275   2.4352   2.4232   2.3980   2.3599   2.3108   2.2536   2.1911   2.1260   2.0607   1.9971   1.9367   1.8806   1.8298
   0.0276   2.4352   2.4232   2.3980   2.3599   2.3108   2.2536   2.1911   2.1260   2.0607   1.9971   1.9367   1.8806   1.8298
   0.0277   2.4352   2.4232   2.3980   2.3599   2.3108   2.2536   2.1911   2.1260   2.0607   1.9971   1.9367   1.8806   1.8298
   0.0278   2.4352   2.4232   2.3980   2.3599   2.3108   2.2536   2.1911   2.1260   2.0607   1.9971   1.9367   1.8806   1.8298
   0.0278   2.4352   2.4232   2.3980   2.3599   2.3108   2.2536   2.1911   2.1260   2.0607   1.9971   1.9367   1.8806   1.8298
   0.0279   2.4352   2.4232   2.3980   2.3599   2.3108   2.2536   2.1911   2.1260   2.0607   1.9971   1.9367   1.8806   1.8298
   0.0279   2.4352   2.4232   2.3980   2.3599   2.3108   2.2536   2.1911   2.1260   2.0607   1.9971   1.9367   1.8806   1.8298
   0.0280   2.4352   2.4232   2.3980   2.3599   2.3108   2.2536   2.1911   2.1260   2.0607   1.9971   1.9367   1.8806   1.8298
   2.4373   2.4352   2.4232   2.3980   2.3599   2.3108   2.2536   2.1911   2.1260   2.0607   1.9971   1.9367   1.8806   1.8298
   2.4373   2.4352   2.4232   2.3980   2.3599   2.3108   2.2536   2.1911   2.1260   2.0607   1.9971   1.9367   1.8806   1.8298
   2.4373   2.4352   2.4232   2.3980   2.3599   2.3108   2.2536   2.1911   2.1260   2.0607   1.9971   1.9367   1.8806   1.8298
   2.4373   2.4352   2.4232   2.3980   2.3599   2.3108   2.2536   2.1911   2.1260   2.0607   1.9971   1.9367   1.8806   1.8298
   2.4373   2.4352   2.4232   2.3980   2.3599   2.3108   2.2536   2.1911   2.1260   2.0607   1.9971   1.9367   1.8806   1.8298
   2.4373   2.4352   2.4232   2.3980   2.3599   2.3108   2.2536   2.1911   2.1260   2.0607   1.9971   1.9367   1.8806   1.8298
   2.4373   2.4352   2.4232   2.3980   2.3599   2.3108   2.2536   2.1911   2.1260   2.0607   1.9971   1.9367   1.8806   1.8298
   2.4373   2.4352   2.4232   2.3980   2.3599   2.3108   2.2536   2.1911   2.1260   2.0607   1.9971   1.9367   1.8806   1.8298
   2.4373   2.4352   2.4232   2.3980   2.3599   2.3108   2.2536   2.1911   2.1260   2.0607   1.9971   1.9367   1.8806   1.8298
   2.4373   2.4352   2.4232   2.3980   2.3599   2.3108   2.2536   2.1911   2.1260   2.0607   1.9971   1.9367   1.8806   1.8298
   2.4373   2.4352   2.4232   2.3980   2.3599   2.3108   2.2536   2.1911   2.1260   2.0607   1.9971   1.9367   1.8806   1.8298
   2.4373   2.4352   2.4232   2.3980   2.3599   2.3108   2.2536   2.1911   2.1260   2.0607   1.9971   1.9367   1.8806   1.8298
   2.4373   2.4352   2.4232   2.3980   2.3599   2.3108   2.2536   2.1911   2.1260   2.0607   1.9971   1.9367   1.8806   1.8298
   2.4373   2.4352   2.4232   2.3980   2.3599   2.3108   2.2536   2.1911   2.1260   2.0607   1.9971   1.9367   1.8806   1.8298
   2.4373   2.4352   2.4232   2.3980   2.3599   2.3108   2.2536   2.1911   2.1260   2.0607   1.9971   1.9367   1.8806   1.8298
   2.4373   2.4352   2.4232   2.3980   2.3599   2.3108   2.2536   2.1911   2.1260   2.0607   1.9971   1.9367   1.8806   1.8298
   2.4373   2.4352   2.4232   2.3980   2.3599   2.3108   2.2536   2.1911   2.1260   2.0607   1.9971   1.9367   1.8806   1.8298
   2.4373   2.4352   2.4232   2.3980   2.3599   2.3108   2.2536   2.1911   2.1260   2.0607   1.9971   1.9367   1.8806   1.8298
   2.4373   2.4352   2.4232   2.3980   2.3599   2.3108   2.2536   2.1911   2.1260   2.0607   1.9971   1.9367   1.8806   1.8298
   2.4373   2.4352   2.4232   2.3980   2.3599   2.3108   2.2536   2.1911   2.1260   2.0607   1.9971   1.9367   1.8806   1.8298
   2.4373   2.4352   2.4232   2.3980   2.3599   2.3108   2.2536   2.1911   2.1260   2.0607   1.9971   1.9367   1.8806   1.8298
   2.4373   2.4352   2.4232   2.3980   2.3599   2.3108   2.2536   2.1911   2.1260   2.0607   1.9971   1.9367   1.8806   1.8298
   2.4373   2.4352   2.4232   2.3980   2.3599   2.3108   2.2536   2.1911   2.1260   2.0607   1.9971   1.9367   1.8806   1.8298
   2.4373   2.4352   2.4232   2.3980   2.3599   2.3108   2.2536   2.1911   2.1260   2.0607   1.9971   1.9367   1.8806   1.8298
   2.4373   2.4352   2.4232   2.3980   2.3599   2.3108   2.2536   2.1911   2.1260   2.0607   1.9971   1.9367   1.8806   1.8298
   2.4373   2.4352   2.4232   2.3980   2.3599   2.3108   2.2536   2.1911   2.1260   2.0607   1.9971   1.9367   1.8806   1.8298
   2.4373   2.4352   2.4232   2.3980   2.3599   2.3108   2.2536   2.1911   2.1260   2.0607   1.9971   1.9367   1.8806   1.8298
   2.4373   2.4352   2.4232   2.3980   2.3599   2.3108   2.2536   2.1911   2.1260   2.0607   1.9971   1.9367   1.8806   1.8298
   2.4373   2.4352   2.4232   2.3980   2.3599   2.3108   2.2536   2.1911   2.1260   2.0607   1.9971   1.9367   1.8806   1.8298
