Vr_45 and Vpsi is : 
   1.1552
   1.1578
   1.1604
   1.1629
   1.1655
   1.1680
   1.1704
   1.1729
   1.1752
   1.1776
   1.1799
   1.1822
   1.1845
   1.1867
   1.1889
   1.1911
   1.1932
   1.1954
   1.1974
   1.1995
   1.2015
   1.2035
   1.2054
   1.2073
   1.2092
   1.2110
   1.2129
   1.2147
   1.2164
   1.2181
   1.2198
   1.2215
   1.2231
   1.2247
   1.2263
   1.2278
   1.2293
   1.2307
   1.2322
   1.2336
   1.2349
   1.2363
   1.2376
   1.2389
   1.2401
   1.2413
   1.2425
   1.2436
   1.2447
   1.2458
   1.2468
   1.2478
   1.2488
   1.2497
   1.2506
   1.2515
   1.2523
   1.2531
   1.2539
   1.2546
   1.2553
   1.2560
   1.2566
   1.2572
   1.2578
   1.2583
   1.2588
   1.2592
   1.2596
   1.2600
   1.2603
   1.2606
   1.2609
   1.2611
   1.2613
   1.2615
   1.2616
   1.2617
   1.2617
   1.2617
        0
        0
        0
        0
        0
        0
        0
        0
        0
        0
        0
        0
        0
        0
        0
        0
        0
        0
        0
        0
        0
        0
        0
        0
        0
        0
        0
        0
        0
        0
        0
        0
        0
        0
        0
        0
        0
        0
        0
        0
        0
        0
        0
        0
        0
        0
        0
        0
        0
        0
        0
        0
        0
        0
        0
        0
        0
        0
        0
        0
        0
        0
        0
        0
        0
        0
        0
        0
        0
        0
        0
        0
        0
        0
        0
        0
        0
        0
        0
        0
        0
        0
        0
        0
        0
        0
        0
        0
        0
        0
        0
        0
        0
        0
        0
        0
        0
        0
        0
        0
        0
        0
        0
        0
        0
        0
        0
        0
        0
        0
        0
        0
        0
        0
        0
        0
        0
        0
        0
        0
   -0.6737
  -0.6651
  -0.6565
  -0.6480
  -0.6396
  -0.6312
  -0.6228
  -0.6145
  -0.6062
  -0.5979
  -0.5896
  -0.5814
  -0.5732
  -0.5650
  -0.5568
  -0.5487
  -0.5405
  -0.5324
  -0.5242
  -0.5161
  -0.5079
  -0.4998
  -0.4917
  -0.4836
  -0.4754
  -0.4673
  -0.4592
  -0.4510
  -0.4429
  -0.4347
  -0.4266
  -0.4184
  -0.4102
  -0.4020
  -0.3938
  -0.3856
  -0.3773
  -0.3691
  -0.3608
  -0.3525
  -0.3442
  -0.3359
  -0.3276
  -0.3192
  -0.3108
  -0.3024
  -0.2940
  -0.2855
  -0.2770
  -0.2685
  -0.2600
  -0.2514
  -0.2428
  -0.2342
  -0.2256
  -0.2169
  -0.2082
  -0.1994
  -0.1906
  -0.1818
  -0.1729
  -0.1640
  -0.1551
  -0.1461
  -0.1371
  -0.1280
  -0.1188
  -0.1097
  -0.1005
  -0.0912
  -0.0818
  -0.0725
  -0.0630
  -0.0535
  -0.0440
  -0.0343
  -0.0246
  -0.0149
  -0.0051
   0.0048
        0
        0
        0
        0
        0
        0
        0
        0
        0
        0
        0
        0
        0
        0
        0
        0
        0
        0
        0
        0
        0
        0
        0
        0
        0
        0
        0
        0
        0
        0
        0
        0
        0
        0
        0
        0
        0
        0
        0
        0
        0
        0
        0
        0
        0
        0
        0
        0
        0
        0
        0
        0
        0
        0
        0
        0
        0
        0
        0
        0
        0
        0
        0
        0
        0
        0
        0
        0
        0
        0
        0
        0
        0
        0
        0
        0
        0
        0
        0
        0
        0
        0
        0
        0
        0
        0
        0
        0
        0
        0
        0
        0
        0
        0
        0
        0
        0
        0
        0
        0
        0
        0
        0
        0
        0
        0
        0
        0
        0
        0
        0
        0
        0
        0
        0
        0
        0
        0
        0
        0

