   0.5233   0.5757   0.6280   0.6803   0.7327   0.7850   0.8373   0.8897   0.9420   0.9943   1.0467   1.0990   1.1513   1.2037
   0.5207   0.5728   0.6249   0.6769   0.7290   0.7811   0.8331   0.8852   0.9373   0.9894   1.0414   1.0935   1.1456   1.1977
   0.5181   0.5699   0.6217   0.6735   0.7253   0.7771   0.8290   0.8808   0.9326   0.9844   1.0362   1.0880   1.1398   1.1916
   0.5155   0.5670   0.6186   0.6701   0.7217   0.7732   0.8248   0.8763   0.9279   0.9794   1.0310   1.0825   1.1341   1.1856
   0.5129   0.5642   0.6154   0.6667   0.7180   0.7693   0.8206   0.8719   0.9232   0.9744   1.0257   1.0770   1.1283   1.1796
   0.5102   0.5613   0.6123   0.6633   0.7143   0.7654   0.8164   0.8674   0.9185   0.9695   1.0205   1.0715   1.1226   1.1736
   0.5076   0.5584   0.6092   0.6599   0.7107   0.7614   0.8122   0.8630   0.9137   0.9645   1.0153   1.0660   1.1168   1.1676
   0.5050   0.5555   0.6060   0.6565   0.7070   0.7575   0.8080   0.8585   0.9090   0.9595   1.0100   1.0605   1.1110   1.1615
   0.5024   0.5526   0.6029   0.6531   0.7034   0.7536   0.8038   0.8541   0.9043   0.9546   1.0048   1.0550   1.1053   1.1555
   0.4998   0.5498   0.5997   0.6497   0.6997   0.7497   0.7997   0.8496   0.8996   0.9496   0.9996   1.0495   1.0995   1.1495
   0.4972   0.5469   0.5966   0.6463   0.6960   0.7457   0.7955   0.8452   0.8949   0.9446   0.9943   1.0441   1.0938   1.1435
   0.4945   0.5440   0.5935   0.6429   0.6924   0.7418   0.7913   0.8407   0.8902   0.9396   0.9891   1.0386   1.0880   1.1375
   0.4919   0.5411   0.5903   0.6395   0.6887   0.7379   0.7871   0.8363   0.8855   0.9347   0.9839   1.0331   1.0823   1.1314
   0.4893   0.5382   0.5872   0.6361   0.6850   0.7340   0.7829   0.8318   0.8808   0.9297   0.9786   1.0276   1.0765   1.1254
   0.4867   0.5354   0.5840   0.6327   0.6814   0.7300   0.7787   0.8274   0.8761   0.9247   0.9734   1.0221   1.0707   1.1194
   0.4841   0.5325   0.5809   0.6293   0.6777   0.7261   0.7745   0.8229   0.8714   0.9198   0.9682   1.0166   1.0650   1.1134
   0.4815   0.5296   0.5778   0.6259   0.6741   0.7222   0.7703   0.8185   0.8666   0.9148   0.9629   1.0111   1.0592   1.1074
   0.4788   0.5267   0.5746   0.6225   0.6704   0.7183   0.7662   0.8140   0.8619   0.9098   0.9577   1.0056   1.0535   1.1014
   0.4762   0.5239   0.5715   0.6191   0.6667   0.7143   0.7620   0.8096   0.8572   0.9048   0.9525   1.0001   1.0477   1.0953
   0.4736   0.5210   0.5683   0.6157   0.6631   0.7104   0.7578   0.8051   0.8525   0.8999   0.9472   0.9946   1.0420   1.0893
   0.4710   0.5181   0.5652   0.6123   0.6594   0.7065   0.7536   0.8007   0.8478   0.8949   0.9420   0.9891   1.0362   1.0833
   0.4684   0.5152   0.5621   0.6089   0.6557   0.7026   0.7494   0.7963   0.8431   0.8899   0.9368   0.9836   1.0304   1.0773
   0.4658   0.5123   0.5589   0.6055   0.6521   0.6986   0.7452   0.7918   0.8384   0.8850   0.9315   0.9781   1.0247   1.0713
   0.4631   0.5095   0.5558   0.6021   0.6484   0.6947   0.7410   0.7874   0.8337   0.8800   0.9263   0.9726   1.0189   1.0652
   0.4605   0.5066   0.5526   0.5987   0.6447   0.6908   0.7369   0.7829   0.8290   0.8750   0.9211   0.9671   1.0132   1.0592
   0.4579   0.5037   0.5495   0.5953   0.6411   0.6869   0.7327   0.7785   0.8243   0.8700   0.9158   0.9616   1.0074   1.0532
   0.4553   0.5008   0.5464   0.5919   0.6374   0.6829   0.7285   0.7740   0.8195   0.8651   0.9106   0.9561   1.0017   1.0472
   0.4527   0.4979   0.5432   0.5885   0.6338   0.6790   0.7243   0.7696   0.8148   0.8601   0.9054   0.9506   0.9959   1.0412
   0.4501   0.4951   0.5401   0.5851   0.6301   0.6751   0.7201   0.7651   0.8101   0.8551   0.9001   0.9451   0.9901   1.0352
   0.4474   0.4922   0.5369   0.5817   0.6264   0.6712   0.7159   0.7607   0.8054   0.8502   0.8949   0.9396   0.9844   1.0291
   0.4448   0.4893   0.5338   0.5783   0.6228   0.6672   0.7117   0.7562   0.8007   0.8452   0.8897   0.9342   0.9786   1.0231
   0.4422   0.4864   0.5307   0.5749   0.6191   0.6633   0.7075   0.7518   0.7960   0.8402   0.8844   0.9287   0.9729   1.0171
   0.4396   0.4836   0.5275   0.5715   0.6154   0.6594   0.7034   0.7473   0.7913   0.8352   0.8792   0.9232   0.9671   1.0111
   0.4370   0.4807   0.5244   0.5681   0.6118   0.6555   0.6992   0.7429   0.7866   0.8303   0.8740   0.9177   0.9614   1.0051
   0.4344   0.4778   0.5212   0.5647   0.6081   0.6515   0.6950   0.7384   0.7819   0.8253   0.8687   0.9122   0.9556   0.9990
   0.4317   0.4749   0.5181   0.5613   0.6044   0.6476   0.6908   0.7340   0.7772   0.8203   0.8635   0.9067   0.9499   0.9930
   0.4291   0.4720   0.5150   0.5579   0.6008   0.6437   0.6866   0.7295   0.7724   0.8154   0.8583   0.9012   0.9441   0.9870
   0.4265   0.4692   0.5118   0.5545   0.5971   0.6398   0.6824   0.7251   0.7677   0.8104   0.8530   0.8957   0.9383   0.9810
   0.4239   0.4663   0.5087   0.5511   0.5935   0.6358   0.6782   0.7206   0.7630   0.8054   0.8478   0.8902   0.9326   0.9750
   0.4213   0.4634   0.5055   0.5477   0.5898   0.6319   0.6741   0.7162   0.7583   0.8004   0.8426   0.8847   0.9268   0.9690
   0.4187   0.4605   0.5024   0.5443   0.5861   0.6280   0.6699   0.7117   0.7536   0.7955   0.8373   0.8792   0.9211   0.9629
   0.4160   0.4577   0.4993   0.5409   0.5825   0.6241   0.6657   0.7073   0.7489   0.7905   0.8321   0.8737   0.9153   0.9569
   0.4134   0.4548   0.4961   0.5375   0.5788   0.6201   0.6615   0.7028   0.7442   0.7855   0.8269   0.8682   0.9096   0.9509
   0.4108   0.4519   0.4930   0.5341   0.5751   0.6162   0.6573   0.6984   0.7395   0.7806   0.8216   0.8627   0.9038   0.9449
   0.4082   0.4490   0.4898   0.5307   0.5715   0.6123   0.6531   0.6939   0.7348   0.7756   0.8164   0.8572   0.8980   0.9389
   0.4056   0.4461   0.4867   0.5273   0.5678   0.6084   0.6489   0.6895   0.7301   0.7706   0.8112   0.8517   0.8923   0.9328
   0.4030   0.4433   0.4836   0.5239   0.5642   0.6044   0.6447   0.6850   0.7253   0.7656   0.8059   0.8462   0.8865   0.9268
   0.4003   0.4404   0.4804   0.5205   0.5605   0.6005   0.6406   0.6806   0.7206   0.7607   0.8007   0.8407   0.8808   0.9208
   0.3977   0.4375   0.4773   0.5171   0.5568   0.5966   0.6364   0.6761   0.7159   0.7557   0.7955   0.8352   0.8750   0.9148
   0.3951   0.4346   0.4741   0.5137   0.5532   0.5927   0.6322   0.6717   0.7112   0.7507   0.7902   0.8297   0.8693   0.9088
   0.3925   0.4317   0.4710   0.5102   0.5495   0.5887   0.6280   0.6673   0.7065   0.7458   0.7850   0.8243   0.8635   0.9028
   0.3899   0.4289   0.4679   0.5068   0.5458   0.5848   0.6238   0.6628   0.7018   0.7408   0.7798   0.8188   0.8577   0.8967
   0.3873   0.4260   0.4647   0.5034   0.5422   0.5809   0.6196   0.6584   0.6971   0.7358   0.7745   0.8133   0.8520   0.8907
   0.3846   0.4231   0.4616   0.5000   0.5385   0.5770   0.6154   0.6539   0.6924   0.7308   0.7693   0.8078   0.8462   0.8847
   0.3820   0.4202   0.4584   0.4966   0.5348   0.5730   0.6113   0.6495   0.6877   0.7259   0.7641   0.8023   0.8405   0.8787
   0.3794   0.4174   0.4553   0.4932   0.5312   0.5691   0.6071   0.6450   0.6830   0.7209   0.7588   0.7968   0.8347   0.8727
   0.3768   0.4145   0.4522   0.4898   0.5275   0.5652   0.6029   0.6406   0.6782   0.7159   0.7536   0.7913   0.8290   0.8666
   0.3742   0.4116   0.4490   0.4864   0.5239   0.5613   0.5987   0.6361   0.6735   0.7109   0.7484   0.7858   0.8232   0.8606
   0.3716   0.4087   0.4459   0.4830   0.5202   0.5573   0.5945   0.6317   0.6688   0.7060   0.7431   0.7803   0.8174   0.8546
   0.3689   0.4058   0.4427   0.4796   0.5165   0.5534   0.5903   0.6272   0.6641   0.7010   0.7379   0.7748   0.8117   0.8486
   0.3663   0.4030   0.4396   0.4762   0.5129   0.5495   0.5861   0.6228   0.6594   0.6960   0.7327   0.7693   0.8059   0.8426
   0.3637   0.4001   0.4365   0.4728   0.5092   0.5456   0.5819   0.6183   0.6547   0.6911   0.7274   0.7638   0.8002   0.8366
   0.3611   0.3972   0.4333   0.4694   0.5055   0.5416   0.5778   0.6139   0.6500   0.6861   0.7222   0.7583   0.7944   0.8305
   0.3585   0.3943   0.4302   0.4660   0.5019   0.5377   0.5736   0.6094   0.6453   0.6811   0.7170   0.7528   0.7887   0.8245
   0.3559   0.3915   0.4270   0.4626   0.4982   0.5338   0.5694   0.6050   0.6406   0.6761   0.7117   0.7473   0.7829   0.8185
   0.3532   0.3886   0.4239   0.4592   0.4945   0.5299   0.5652   0.6005   0.6359   0.6712   0.7065   0.7418   0.7772   0.8125
   0.3506   0.3857   0.4208   0.4558   0.4909   0.5259   0.5610   0.5961   0.6311   0.6662   0.7013   0.7363   0.7714   0.8065
   0.3480   0.3828   0.4176   0.4524   0.4872   0.5220   0.5568   0.5916   0.6264   0.6612   0.6960   0.7308   0.7656   0.8004
   0.3454   0.3799   0.4145   0.4490   0.4836   0.5181   0.5526   0.5872   0.6217   0.6563   0.6908   0.7253   0.7599   0.7944
   0.3428   0.3771   0.4113   0.4456   0.4799   0.5142   0.5485   0.5827   0.6170   0.6513   0.6856   0.7198   0.7541   0.7884
   0.3402   0.3742   0.4082   0.4422   0.4762   0.5102   0.5443   0.5783   0.6123   0.6463   0.6803   0.7144   0.7484   0.7824
   0.3375   0.3713   0.4051   0.4388   0.4726   0.5063   0.5401   0.5738   0.6076   0.6413   0.6751   0.7089   0.7426   0.7764
   0.3349   0.3684   0.4019   0.4354   0.4689   0.5024   0.5359   0.5694   0.6029   0.6364   0.6699   0.7034   0.7369   0.7703
   0.3323   0.3655   0.3988   0.4320   0.4652   0.4985   0.5317   0.5649        0        0   0.6646   0.6979   0.7311   0.7643
   0.3297   0.3627   0.3956   0.4286   0.4616   0.4945   0.5275        0        0        0        0   0.6924   0.7253   0.7583
   0.3271   0.3598   0.3925   0.4252   0.4579   0.4906   0.5233        0        0        0        0        0   0.7196   0.7523
   0.3245   0.3569   0.3894   0.4218   0.4543   0.4867        0        0        0        0        0        0   0.7138   0.7463
   0.3218   0.3540   0.3862   0.4184   0.4506   0.4828        0        0        0        0        0        0   0.7081   0.7403
   0.3192   0.3512   0.3831   0.4150   0.4469   0.4788        0        0        0        0        0        0        0   0.7342
   0.3166   0.3483   0.3799   0.4116   0.4433        0        0        0        0        0        0        0        0   0.7282
   0.3140   0.3454   0.3768   0.4082   0.4396        0        0        0        0        0        0        0        0   0.7222
   0.3114   0.3425   0.3737   0.4048   0.4359        0        0        0        0        0        0        0        0   0.7162
   0.3088   0.3396   0.3705   0.4014   0.4323        0        0        0        0        0        0        0        0        0
   0.3061   0.3368   0.3674   0.3980   0.4286        0        0        0        0        0        0        0        0        0
   0.3035   0.3339   0.3642   0.3946        0        0        0        0        0        0        0        0        0        0
   0.3009   0.3310   0.3611   0.3912        0        0        0        0        0        0        0        0        0        0
   0.2983   0.3281   0.3580   0.3878        0        0        0        0        0        0        0        0        0        0
   0.2957   0.3253   0.3548   0.3844        0        0        0        0        0        0        0        0        0        0
   0.2931   0.3224   0.3517   0.3810        0        0        0        0        0        0        0        0        0        0
   0.2904   0.3195   0.3485   0.3776        0        0        0        0        0        0        0        0        0        0
   0.2878   0.3166   0.3454   0.3742        0        0        0        0        0        0        0        0        0        0
   0.2852   0.3137   0.3423        0        0        0        0        0        0        0        0        0        0        0
   0.2826   0.3109   0.3391        0        0        0        0        0        0        0        0        0        0        0
   0.2800   0.3080   0.3360        0        0        0        0        0        0        0        0        0        0        0
   0.2774   0.3051   0.3328        0        0        0        0        0        0        0        0        0        0        0
   0.2747   0.3022   0.3297        0        0        0        0        0        0        0        0        0        0        0
   0.2721   0.2993   0.3266        0        0        0        0        0        0        0        0        0        0        0
   0.2695   0.2965   0.3234        0        0        0        0        0        0        0        0        0        0        0
   0.2669   0.2936   0.3203        0        0        0        0        0        0        0        0        0        0        0
   0.2643   0.2907   0.3171        0        0        0        0        0        0        0        0        0        0        0
   0.2617   0.2878   0.3140        0        0        0        0        0        0        0        0        0        0        0
   0.2590   0.2850        0        0        0        0        0        0        0        0        0        0        0        0
   0.2564   0.2821        0        0        0        0        0        0        0        0        0        0        0        0
   0.2538   0.2792        0        0        0        0        0        0        0        0        0        0        0        0
   0.2512   0.2763        0        0        0        0        0        0        0        0        0        0        0        0
   0.2486   0.2734        0        0        0        0        0        0        0        0        0        0        0        0
   0.2460   0.2706        0        0        0        0        0        0        0        0        0        0        0        0
   0.2433   0.2677        0        0        0        0        0        0        0        0        0        0        0        0
   0.2407   0.2648        0        0        0        0        0        0        0        0        0        0        0        0
   0.2381   0.2619        0        0        0        0        0        0        0        0        0        0        0        0
   0.2355   0.2590        0        0        0        0        0        0        0        0        0        0        0        0
   0.2329   0.2562        0        0        0        0        0        0        0        0        0        0        0        0
   0.2303   0.2533        0        0        0        0        0        0        0        0        0        0        0        0
   0.2276   0.2504        0        0        0        0        0        0        0        0        0        0        0        0
   0.2250   0.2475        0        0        0        0        0        0        0        0        0        0        0        0
   0.2224   0.2447        0        0        0        0        0        0        0        0        0        0        0        0
   0.2198   0.2418        0        0        0        0        0        0        0        0        0        0        0        0
   0.2172   0.2389        0        0        0        0        0        0        0        0        0        0        0        0
   0.2146        0        0        0        0        0        0        0        0        0        0        0        0        0
   0.2119        0        0        0        0        0        0        0        0        0        0        0        0        0
   0.2093        0        0        0        0        0        0        0        0        0        0        0        0        0
   0.2067        0        0        0        0        0        0        0        0        0        0        0        0        0
   0.2041        0        0        0        0        0        0        0        0        0        0        0        0        0
   0.2015        0        0        0        0        0        0        0        0        0        0        0        0        0
   0.1989        0        0        0        0        0        0        0        0        0        0        0        0        0
   0.1962        0        0        0        0        0        0        0        0        0        0        0        0        0
   0.1936        0        0        0        0        0        0        0        0        0        0        0        0        0
   0.1910        0        0        0        0        0        0        0        0        0        0        0        0        0
   0.1884        0        0        0        0        0        0        0        0        0        0        0        0        0
   0.1858        0        0        0        0        0        0        0        0        0        0        0        0        0
   0.1832        0        0        0        0        0        0        0        0        0        0        0        0        0
   0.1805        0        0        0        0        0        0        0        0        0        0        0        0        0
   0.1779        0        0        0        0        0        0        0        0        0        0        0        0        0
   0.1753        0        0        0        0        0        0        0        0        0        0        0        0        0
   0.1727        0        0        0        0        0        0        0        0        0        0        0        0        0
   0.1701        0        0        0        0        0        0        0        0        0        0        0        0        0
   0.1675        0        0        0        0        0        0        0        0        0        0        0        0        0
   0.1648        0        0        0        0        0        0        0        0        0        0        0        0        0
   0.1622        0        0        0        0        0        0        0        0        0        0        0        0        0
   0.1596        0        0        0        0        0        0        0        0        0        0        0        0        0
   0.1570        0        0        0        0        0        0        0        0        0        0        0        0        0
   0.1544        0        0        0        0        0        0        0        0        0        0        0        0        0
   0.1518        0        0        0        0        0        0        0        0        0        0        0        0        0
   0.1491        0        0        0        0        0        0        0        0        0        0        0        0        0
   0.1465        0        0        0        0        0        0        0        0        0        0        0        0        0
   0.1439        0        0        0        0        0        0        0        0        0        0        0        0        0
   0.1413        0        0        0        0        0        0        0        0        0        0        0        0        0
   0.1387        0        0        0        0        0        0        0        0        0        0        0        0        0
   0.1361        0        0        0        0        0        0        0        0        0        0        0        0        0
   0.1334        0        0        0        0        0        0        0        0        0        0        0        0        0
   0.1308        0        0        0        0        0        0        0        0        0        0        0        0        0
   0.1282        0        0        0        0        0        0        0        0        0        0        0        0        0
   0.1256        0        0        0        0        0        0        0        0        0        0        0        0        0
   0.1230        0        0        0        0        0        0        0        0        0        0        0        0        0
   0.1204        0        0        0        0        0        0        0        0        0        0        0        0        0
   0.1177        0        0        0        0        0        0        0        0        0        0        0        0        0
   0.1151        0        0        0        0        0        0        0        0        0        0        0        0        0
   0.1125        0        0        0        0        0        0        0        0        0        0        0        0        0
   0.1099        0        0        0        0        0        0        0        0        0        0        0        0        0
   0.1073        0        0        0        0        0        0        0        0        0        0        0        0        0
   0.1047        0        0        0        0        0        0        0        0        0        0        0        0        0
   0.1020        0        0        0        0        0        0        0        0        0        0        0        0        0
   0.0994        0        0        0        0        0        0        0        0        0        0        0        0        0
   0.0968        0        0        0        0        0        0        0        0        0        0        0        0        0
   0.0942        0        0        0        0        0        0        0        0        0        0        0        0        0
   0.0916        0        0        0        0        0        0        0        0        0        0        0        0        0
   0.0890        0        0        0        0        0        0        0        0        0        0        0        0        0
   0.0863        0        0        0        0        0        0        0        0        0        0        0        0        0
   0.0837        0        0        0        0        0        0        0        0        0        0        0        0        0
   0.0811        0        0        0        0        0        0        0        0        0        0        0        0        0
        0        0        0        0        0        0        0        0        0        0        0        0        0        0
        0        0        0        0        0        0        0        0        0        0        0        0        0        0
        0        0        0        0        0        0        0        0        0        0        0        0        0        0
        0        0        0        0        0        0        0        0        0        0        0        0        0        0
        0        0        0        0        0        0        0        0        0        0        0        0        0        0
        0        0        0        0        0        0        0        0        0        0        0        0        0        0
        0        0        0        0        0        0        0        0        0        0        0        0        0        0
        0        0        0        0        0        0        0        0        0        0        0        0        0        0
        0        0        0        0        0        0        0        0        0        0        0        0        0        0
        0        0        0        0        0        0        0        0        0        0        0        0        0        0
        0        0        0        0        0        0        0        0        0        0        0        0        0        0
        0        0        0        0        0        0        0        0        0        0        0        0        0        0
        0        0        0        0        0        0        0        0        0        0        0        0        0        0
        0        0        0        0        0        0        0        0        0        0        0        0        0        0
        0        0        0        0        0        0        0        0        0        0        0        0        0        0
        0        0        0        0        0        0        0        0        0        0        0        0        0        0
        0        0        0        0        0        0        0        0        0        0        0        0        0        0
        0        0        0        0        0        0        0        0        0        0        0        0        0        0
        0        0        0        0        0        0        0        0        0        0        0        0        0        0
        0        0        0        0        0        0        0        0        0        0        0        0        0        0
        0        0        0        0        0        0        0        0        0        0        0        0        0        0
        0        0        0        0        0        0        0        0        0        0        0        0        0        0
        0        0        0        0        0        0        0        0        0        0        0        0        0        0
        0        0        0        0        0        0        0        0        0        0        0        0        0        0
        0        0        0        0        0        0        0        0        0        0        0        0        0        0
        0        0        0        0        0        0        0        0        0        0        0        0        0        0
        0        0        0        0        0        0        0        0        0        0        0        0        0        0
        0        0        0        0        0        0        0        0        0        0        0        0        0        0
        0        0        0        0        0        0        0        0        0        0        0        0        0        0
        0        0        0        0        0        0        0        0        0        0        0        0        0        0
