   0.9997   1.0578   1.1123   1.1645   1.2148   1.2635   1.3107   1.3563   1.4001   1.4418   1.4811   1.5178   1.5516   1.5822
   1.0009   1.0593   1.1139   1.1661   1.2164   1.2652   1.3124   1.3579   1.4017   1.4433   1.4826   1.5192   1.5529   1.5834
   1.0014   1.0607   1.1154   1.1676   1.2180   1.2667   1.3140   1.3595   1.4032   1.4448   1.4840   1.5206   1.5542   1.5846
   1.0017   1.0621   1.1169   1.1691   1.2195   1.2683   1.3155   1.3610   1.4047   1.4463   1.4854   1.5219   1.5555   1.5857
   1.0021   1.0633   1.1182   1.1706   1.2210   1.2698   1.3170   1.3625   1.4062   1.4477   1.4868   1.5233   1.5567   1.5869
   1.0023   1.0645   1.1196   1.1720   1.2224   1.2713   1.3185   1.3640   1.4076   1.4491   1.4882   1.5246   1.5579   1.5880
   1.0026   1.0656   1.1209   1.1733   1.2238   1.2727   1.3199   1.3654   1.4090   1.4505   1.4895   1.5258   1.5591   1.5892
   1.0028   1.0667   1.1221   1.1747   1.2252   1.2741   1.3213   1.3668   1.4104   1.4518   1.4908   1.5271   1.5603   1.5902
   1.0030   1.0677   1.1233   1.1759   1.2265   1.2754   1.3226   1.3682   1.4117   1.4531   1.4921   1.5283   1.5615   1.5913
   1.0032   1.0687   1.1245   1.1772   1.2278   1.2767   1.3240   1.3695   1.4130   1.4544   1.4933   1.5295   1.5626   1.5924
   1.0034   1.0697   1.1256   1.1784   1.2291   1.2780   1.3253   1.3708   1.4143   1.4557   1.4946   1.5307   1.5637   1.5934
   1.0036   1.0707   1.1267   1.1796   1.2303   1.2793   1.3266   1.3720   1.4156   1.4569   1.4958   1.5318   1.5648   1.5945
   1.0038   1.0716   1.1278   1.1808   1.2315   1.2805   1.3278   1.3733   1.4168   1.4581   1.4970   1.5330   1.5659   1.5955
   1.0040   1.0724   1.1289   1.1819   1.2327   1.2817   1.3290   1.3745   1.4180   1.4593   1.4981   1.5341   1.5670   1.5965
   1.0041   1.0733   1.1299   1.1830   1.2339   1.2829   1.3302   1.3757   1.4192   1.4605   1.4992   1.5352   1.5680   1.5974
   1.0043   1.0742   1.1309   1.1841   1.2350   1.2841   1.3314   1.3769   1.4204   1.4616   1.5004   1.5363   1.5690   1.5984
   1.0045   1.0750   1.1319   1.1852   1.2361   1.2852   1.3325   1.3780   1.4215   1.4627   1.5014   1.5373   1.5701   1.5994
   1.0046   1.0758   1.1329   1.1862   1.2372   1.2863   1.3337   1.3791   1.4226   1.4638   1.5025   1.5384   1.5710   1.6003
   1.0048   1.0766   1.1338   1.1872   1.2383   1.2874   1.3348   1.3802   1.4237   1.4649   1.5036   1.5394   1.5720   1.6012
   1.0049   1.0773   1.1347   1.1883   1.2393   1.2885   1.3358   1.3813   1.4248   1.4660   1.5046   1.5404   1.5730   1.6021
   1.0050   1.0781   1.1356   1.1892   1.2404   1.2895   1.3369   1.3824   1.4258   1.4670   1.5056   1.5414   1.5739   1.6030
   1.0052   1.0788   1.1365   1.1902   1.2414   1.2906   1.3379   1.3834   1.4269   1.4680   1.5066   1.5423   1.5748   1.6039
   1.0053   1.0796   1.1374   1.1912   1.2424   1.2916   1.3389   1.3844   1.4279   1.4690   1.5076   1.5433   1.5758   1.6047
   1.0055   1.0803   1.1383   1.1921   1.2433   1.2926   1.3399   1.3854   1.4289   1.4700   1.5085   1.5442   1.5767   1.6056
   1.0056   1.0810   1.1391   1.1930   1.2443   1.2935   1.3409   1.3864   1.4298   1.4709   1.5095   1.5451   1.5775   1.6064
   1.0057   1.0817   1.1400   1.1939   1.2452   1.2945   1.3419   1.3874   1.4308   1.4719   1.5104   1.5460   1.5784   1.6073
   1.0059   1.0823   1.1408   1.1948   1.2462   1.2954   1.3428   1.3883   1.4317   1.4728   1.5113   1.5469   1.5792   1.6081
   1.0060   1.0830   1.1416   1.1957   1.2471   1.2964   1.3438   1.3892   1.4326   1.4737   1.5122   1.5477   1.5801   1.6089
   1.0061   1.0837   1.1424   1.1966   1.2480   1.2973   1.3447   1.3901   1.4335   1.4746   1.5131   1.5486   1.5809   1.6097
   1.0062   1.0843   1.1432   1.1974   1.2488   1.2982   1.3456   1.3910   1.4344   1.4755   1.5139   1.5494   1.5817   1.6104
   1.0064   1.0850   1.1440   1.1982   1.2497   1.2990   1.3464   1.3919   1.4353   1.4763   1.5147   1.5502   1.5825   1.6112
   1.0065   1.0856   1.1447   1.1991   1.2506   1.2999   1.3473   1.3927   1.4361   1.4771   1.5156   1.5510   1.5833   1.6119
   1.0066   1.0862   1.1455   1.1999   1.2514   1.3007   1.3481   1.3936   1.4369   1.4780   1.5164   1.5518   1.5841   1.6127
   1.0067   1.0869   1.1462   1.2007   1.2522   1.3016   1.3490   1.3944   1.4377   1.4788   1.5171   1.5526   1.5848   1.6134
   1.0068   1.0875   1.1470   1.2015   1.2530   1.3024   1.3498   1.3952   1.4385   1.4795   1.5179   1.5534   1.5855   1.6141
   1.0070   1.0881   1.1477   1.2022   1.2538   1.3032   1.3506   1.3960   1.4393   1.4803   1.5187   1.5541   1.5863   1.6148
   1.0071   1.0887   1.1484   1.2030   1.2546   1.3039   1.3513   1.3968   1.4401   1.4811   1.5194   1.5548   1.5870   1.6155
   1.0072   1.0893   1.1491   1.2037   1.2553   1.3047   1.3521   1.3975   1.4408   1.4818   1.5201   1.5555   1.5877   1.6162
   1.0073   1.0898   1.1498   1.2045   1.2561   1.3055   1.3528   1.3982   1.4415   1.4825   1.5208   1.5562   1.5884   1.6169
   1.0074   1.0904   1.1505   1.2052   1.2568   1.3062   1.3536   1.3990   1.4422   1.4832   1.5215   1.5569   1.5890   1.6175
   1.0075   1.0910   1.1512   1.2059   1.2576   1.3069   1.3543   1.3997   1.4429   1.4839   1.5222   1.5576   1.5897   1.6182
   1.0076   1.0916   1.1518   1.2066   1.2583   1.3076   1.3550   1.4003   1.4436   1.4845   1.5229   1.5582   1.5903   1.6188
   1.0077   1.0921   1.1525   1.2073   1.2590   1.3083   1.3557   1.4010   1.4443   1.4852   1.5235   1.5589   1.5910   1.6194
   1.0079   1.0927   1.1531   1.2080   1.2597   1.3090   1.3563   1.4017   1.4449   1.4858   1.5241   1.5595   1.5916   1.6200
   1.0080   1.0932   1.1538   1.2087   1.2603   1.3097   1.3570   1.4023   1.4455   1.4864   1.5247   1.5601   1.5922   1.6206
   1.0081   1.0938   1.1544   1.2093   1.2610   1.3103   1.3576   1.4029   1.4461   1.4870   1.5253   1.5607   1.5928   1.6212
   1.0082   1.0943   1.1550   1.2100   1.2617   1.3110   1.3582   1.4035   1.4467   1.4876   1.5259   1.5613   1.5934   1.6218
   1.0083   1.0948   1.1557   1.2106   1.2623   1.3116   1.3588   1.4041   1.4473   1.4882   1.5265   1.5618   1.5939   1.6223
   1.0084   1.0954   1.1563   1.2113   1.2629   1.3122   1.3594   1.4047   1.4479   1.4887   1.5270   1.5624   1.5945   1.6229
   1.0085   1.0959   1.1569   1.2119   1.2635   1.3128   1.3600   1.4052   1.4484   1.4893   1.5275   1.5629   1.5950   1.6234
   1.0086   1.0964   1.1575   1.2125   1.2641   1.3134   1.3605   1.4058   1.4489   1.4898   1.5280   1.5634   1.5955   1.6240
   1.0087   1.0969   1.1581   1.2131   1.2647   1.3139   1.3611   1.4063   1.4494   1.4903   1.5285   1.5639   1.5960   1.6245
   1.0088   1.0974   1.1587   1.2137   1.2653   1.3145   1.3616   1.4068   1.4499   1.4907   1.5290   1.5644   1.5965   1.6250
   1.0089   1.0979   1.1592   1.2143   1.2659   1.3150   1.3621   1.4072   1.4503   1.4912   1.5295   1.5649   1.5970   1.6255
   1.0090   1.0984   1.1598   1.2148   1.2664   1.3155   1.3626   1.4077   1.4508   1.4916   1.5299   1.5653   1.5975   1.6259
   1.0091   1.0989   1.1604   1.2154   1.2669   1.3160   1.3631   1.4081   1.4512   1.4920   1.5303   1.5658   1.5979   1.6264
   1.0092   1.0994   1.1609   1.2160   1.2675   1.3165   1.3635   1.4086   1.4516   1.4924   1.5307   1.5662   1.5983   1.6269
   1.0093   1.0999   1.1614   1.2165   1.2680   1.3170   1.3639   1.4090   1.4520   1.4928   1.5311   1.5666   1.5988   1.6273
   1.0095   1.1004   1.1620   1.2170   1.2685   1.3174   1.3643   1.4094   1.4524   1.4932   1.5315   1.5669   1.5992   1.6277
   1.0096   1.1009   1.1625   1.2175   1.2689   1.3179   1.3647   1.4097   1.4527   1.4935   1.5318   1.5673   1.5995   1.6281
   1.0097   1.1013   1.1630   1.2180   1.2694   1.3183   1.3651   1.4101   1.4530   1.4938   1.5322   1.5677   1.5999   1.6285
   1.0098   1.1018   1.1635   1.2185   1.2699   1.3187   1.3655   1.4104   1.4533   1.4941   1.5325   1.5680   1.6003   1.6289
   1.0099   1.1023   1.1641   1.2190   1.2703   1.3191   1.3658   1.4107   1.4536   1.4944   1.5327   1.5683   1.6006   1.6293
   1.0100   1.1027   1.1646   1.2195   1.2707   1.3194   1.3661   1.4110   1.4539   1.4946   1.5330   1.5686   1.6009   1.6296
   1.0101   1.1032   1.1650   1.2200   1.2711   1.3198   1.3664   1.4112   1.4541   1.4949   1.5332   1.5688   1.6012   1.6300
   1.0102   1.1036   1.1655   1.2204   1.2715   1.3201   1.3667   1.4114   1.4543   1.4951   1.5335   1.5691   1.6015   1.6303
   1.0103   1.1041   1.1660   1.2208   1.2719   1.3204   1.3669   1.4117   1.4545   1.4953   1.5337   1.5693   1.6018   1.6306
   1.0104   1.1045   1.1665   1.2213   1.2723   1.3207   1.3672   1.4118   1.4547   1.4954   1.5338   1.5695   1.6020   1.6309
   1.0105   1.1050   1.1669   1.2217   1.2726   1.3210   1.3674   1.4120   1.4548   1.4955   1.5340   1.5697   1.6023   1.6312
   1.0106   1.1054   1.1674   1.2221   1.2729   1.3212   1.3676   1.4121   1.4549   1.4956   1.5341   1.5699   1.6025   1.6315
   1.0107   1.1059   1.1678   1.2225   1.2732   1.3215   1.3677   1.4122   1.4550   1.4957   1.5342   1.5700   1.6027   1.6317
   1.0108   1.1063   1.1682   1.2228   1.2735   1.3217   1.3679   1.4123   1.4550   1.4958   1.5343   1.5701   1.6028   1.6319
   1.0109   1.1067   1.1687   1.2232   1.2738   1.3218   1.3680   1.4124   1.4550   1.4958   1.5343   1.5702   1.6030   1.6322
   1.0110   1.1071   1.1691   1.2235   1.2740   1.3220   1.3680   1.4124   1.4550   1.4958   1.5343   1.5703   1.6031   1.6324
   1.0111   1.1075   1.1695   1.2239   1.2743   1.3221   1.3681   1.4124   1.8000   1.8000   1.5343   1.5703   1.6032   1.6325
   1.0112   1.1080   1.1699   1.2242   1.2745   1.3222   1.3681   1.8000   1.8000   1.8000   1.8000   1.5703   1.6033   1.6327
   1.0113   1.1084   1.1703   1.2245   1.2747   1.3223   1.3681   1.8000   1.8000   1.8000   1.8000   1.8000   1.6034   1.6328
   1.0114   1.1088   1.1707   1.2248   1.2749   1.3224   1.8000   1.8000   1.8000   1.8000   1.8000   1.8000   1.6034   1.6330
   1.0115   1.1092   1.1710   1.2250   1.2750   1.3224   1.8000   1.8000   1.8000   1.8000   1.8000   1.8000   1.6034   1.6331
   1.0116   1.1096   1.1714   1.2253   1.2751   1.3224   1.8000   1.8000   1.8000   1.8000   1.8000   1.8000   1.8000   1.6331
   1.0117   1.1100   1.1717   1.2255   1.2752   1.8000   1.8000   1.8000   1.8000   1.8000   1.8000   1.8000   1.8000   1.6332
   1.0118   1.1103   1.1721   1.2257   1.2753   1.8000   1.8000   1.8000   1.8000   1.8000   1.8000   1.8000   1.8000   1.6332
   1.0119   1.1107   1.1724   1.2259   1.2754   1.8000   1.8000   1.8000   1.8000   1.8000   1.8000   1.8000   1.8000   1.6332
   1.0120   1.1111   1.1727   1.2261   1.2754   1.8000   1.8000   1.8000   1.8000   1.8000   1.8000   1.8000   1.8000   1.8000
   1.0121   1.1115   1.1730   1.2263   1.2754   1.8000   1.8000   1.8000   1.8000   1.8000   1.8000   1.8000   1.8000   1.8000
   1.0122   1.1118   1.1733   1.2264   1.8000   1.8000   1.8000   1.8000   1.8000   1.8000   1.8000   1.8000   1.8000   1.8000
   1.0123   1.1122   1.1735   1.2265   1.8000   1.8000   1.8000   1.8000   1.8000   1.8000   1.8000   1.8000   1.8000   1.8000
   1.0124   1.1125   1.1738   1.2266   1.8000   1.8000   1.8000   1.8000   1.8000   1.8000   1.8000   1.8000   1.8000   1.8000
   1.0126   1.1129   1.1741   1.2267   1.8000   1.8000   1.8000   1.8000   1.8000   1.8000   1.8000   1.8000   1.8000   1.8000
   1.0127   1.1132   1.1743   1.2268   1.8000   1.8000   1.8000   1.8000   1.8000   1.8000   1.8000   1.8000   1.8000   1.8000
   1.0128   1.1136   1.1745   1.2268   1.8000   1.8000   1.8000   1.8000   1.8000   1.8000   1.8000   1.8000   1.8000   1.8000
   1.0129   1.1139   1.1747   1.2268   1.8000   1.8000   1.8000   1.8000   1.8000   1.8000   1.8000   1.8000   1.8000   1.8000
   1.0130   1.1142   1.1749   1.8000   1.8000   1.8000   1.8000   1.8000   1.8000   1.8000   1.8000   1.8000   1.8000   1.8000
   1.0131   1.1145   1.1751   1.8000   1.8000   1.8000   1.8000   1.8000   1.8000   1.8000   1.8000   1.8000   1.8000   1.8000
   1.0132   1.1148   1.1752   1.8000   1.8000   1.8000   1.8000   1.8000   1.8000   1.8000   1.8000   1.8000   1.8000   1.8000
   1.0133   1.1151   1.1754   1.8000   1.8000   1.8000   1.8000   1.8000   1.8000   1.8000   1.8000   1.8000   1.8000   1.8000
   1.0134   1.1154   1.1755   1.8000   1.8000   1.8000   1.8000   1.8000   1.8000   1.8000   1.8000   1.8000   1.8000   1.8000
   1.0135   1.1157   1.1756   1.8000   1.8000   1.8000   1.8000   1.8000   1.8000   1.8000   1.8000   1.8000   1.8000   1.8000
   1.0136   1.1160   1.1756   1.8000   1.8000   1.8000   1.8000   1.8000   1.8000   1.8000   1.8000   1.8000   1.8000   1.8000
   1.0137   1.1163   1.1757   1.8000   1.8000   1.8000   1.8000   1.8000   1.8000   1.8000   1.8000   1.8000   1.8000   1.8000
   1.0138   1.1165   1.1757   1.8000   1.8000   1.8000   1.8000   1.8000   1.8000   1.8000   1.8000   1.8000   1.8000   1.8000
   1.0139   1.1168   1.1757   1.8000   1.8000   1.8000   1.8000   1.8000   1.8000   1.8000   1.8000   1.8000   1.8000   1.8000
   1.0141   1.1170   1.8000   1.8000   1.8000   1.8000   1.8000   1.8000   1.8000   1.8000   1.8000   1.8000   1.8000   1.8000
   1.0142   1.1172   1.8000   1.8000   1.8000   1.8000   1.8000   1.8000   1.8000   1.8000   1.8000   1.8000   1.8000   1.8000
   1.0143   1.1175   1.8000   1.8000   1.8000   1.8000   1.8000   1.8000   1.8000   1.8000   1.8000   1.8000   1.8000   1.8000
   1.0144   1.1177   1.8000   1.8000   1.8000   1.8000   1.8000   1.8000   1.8000   1.8000   1.8000   1.8000   1.8000   1.8000
   1.0145   1.1179   1.8000   1.8000   1.8000   1.8000   1.8000   1.8000   1.8000   1.8000   1.8000   1.8000   1.8000   1.8000
   1.0146   1.1181   1.8000   1.8000   1.8000   1.8000   1.8000   1.8000   1.8000   1.8000   1.8000   1.8000   1.8000   1.8000
   1.0147   1.1182   1.8000   1.8000   1.8000   1.8000   1.8000   1.8000   1.8000   1.8000   1.8000   1.8000   1.8000   1.8000
   1.0148   1.1184   1.8000   1.8000   1.8000   1.8000   1.8000   1.8000   1.8000   1.8000   1.8000   1.8000   1.8000   1.8000
   1.0149   1.1185   1.8000   1.8000   1.8000   1.8000   1.8000   1.8000   1.8000   1.8000   1.8000   1.8000   1.8000   1.8000
   1.0151   1.1187   1.8000   1.8000   1.8000   1.8000   1.8000   1.8000   1.8000   1.8000   1.8000   1.8000   1.8000   1.8000
   1.0152   1.1188   1.8000   1.8000   1.8000   1.8000   1.8000   1.8000   1.8000   1.8000   1.8000   1.8000   1.8000   1.8000
   1.0153   1.1189   1.8000   1.8000   1.8000   1.8000   1.8000   1.8000   1.8000   1.8000   1.8000   1.8000   1.8000   1.8000
   1.0154   1.1190   1.8000   1.8000   1.8000   1.8000   1.8000   1.8000   1.8000   1.8000   1.8000   1.8000   1.8000   1.8000
   1.0155   1.1190   1.8000   1.8000   1.8000   1.8000   1.8000   1.8000   1.8000   1.8000   1.8000   1.8000   1.8000   1.8000
   1.0156   1.1191   1.8000   1.8000   1.8000   1.8000   1.8000   1.8000   1.8000   1.8000   1.8000   1.8000   1.8000   1.8000
   1.0158   1.1191   1.8000   1.8000   1.8000   1.8000   1.8000   1.8000   1.8000   1.8000   1.8000   1.8000   1.8000   1.8000
   1.0159   1.1191   1.8000   1.8000   1.8000   1.8000   1.8000   1.8000   1.8000   1.8000   1.8000   1.8000   1.8000   1.8000
   1.0160   1.8000   1.8000   1.8000   1.8000   1.8000   1.8000   1.8000   1.8000   1.8000   1.8000   1.8000   1.8000   1.8000
   1.0161   1.8000   1.8000   1.8000   1.8000   1.8000   1.8000   1.8000   1.8000   1.8000   1.8000   1.8000   1.8000   1.8000
   1.0162   1.8000   1.8000   1.8000   1.8000   1.8000   1.8000   1.8000   1.8000   1.8000   1.8000   1.8000   1.8000   1.8000
   1.0163   1.8000   1.8000   1.8000   1.8000   1.8000   1.8000   1.8000   1.8000   1.8000   1.8000   1.8000   1.8000   1.8000
   1.0165   1.8000   1.8000   1.8000   1.8000   1.8000   1.8000   1.8000   1.8000   1.8000   1.8000   1.8000   1.8000   1.8000
   1.0166   1.8000   1.8000   1.8000   1.8000   1.8000   1.8000   1.8000   1.8000   1.8000   1.8000   1.8000   1.8000   1.8000
   1.0167   1.8000   1.8000   1.8000   1.8000   1.8000   1.8000   1.8000   1.8000   1.8000   1.8000   1.8000   1.8000   1.8000
   1.0168   1.8000   1.8000   1.8000   1.8000   1.8000   1.8000   1.8000   1.8000   1.8000   1.8000   1.8000   1.8000   1.8000
   1.0170   1.8000   1.8000   1.8000   1.8000   1.8000   1.8000   1.8000   1.8000   1.8000   1.8000   1.8000   1.8000   1.8000
   1.0171   1.8000   1.8000   1.8000   1.8000   1.8000   1.8000   1.8000   1.8000   1.8000   1.8000   1.8000   1.8000   1.8000
   1.0172   1.8000   1.8000   1.8000   1.8000   1.8000   1.8000   1.8000   1.8000   1.8000   1.8000   1.8000   1.8000   1.8000
   1.0173   1.8000   1.8000   1.8000   1.8000   1.8000   1.8000   1.8000   1.8000   1.8000   1.8000   1.8000   1.8000   1.8000
   1.0174   1.8000   1.8000   1.8000   1.8000   1.8000   1.8000   1.8000   1.8000   1.8000   1.8000   1.8000   1.8000   1.8000
   1.0176   1.8000   1.8000   1.8000   1.8000   1.8000   1.8000   1.8000   1.8000   1.8000   1.8000   1.8000   1.8000   1.8000
   1.0177   1.8000   1.8000   1.8000   1.8000   1.8000   1.8000   1.8000   1.8000   1.8000   1.8000   1.8000   1.8000   1.8000
   1.0178   1.8000   1.8000   1.8000   1.8000   1.8000   1.8000   1.8000   1.8000   1.8000   1.8000   1.8000   1.8000   1.8000
   1.0180   1.8000   1.8000   1.8000   1.8000   1.8000   1.8000   1.8000   1.8000   1.8000   1.8000   1.8000   1.8000   1.8000
   1.0181   1.8000   1.8000   1.8000   1.8000   1.8000   1.8000   1.8000   1.8000   1.8000   1.8000   1.8000   1.8000   1.8000
   1.0182   1.8000   1.8000   1.8000   1.8000   1.8000   1.8000   1.8000   1.8000   1.8000   1.8000   1.8000   1.8000   1.8000
   1.0183   1.8000   1.8000   1.8000   1.8000   1.8000   1.8000   1.8000   1.8000   1.8000   1.8000   1.8000   1.8000   1.8000
   1.0185   1.8000   1.8000   1.8000   1.8000   1.8000   1.8000   1.8000   1.8000   1.8000   1.8000   1.8000   1.8000   1.8000
   1.0186   1.8000   1.8000   1.8000   1.8000   1.8000   1.8000   1.8000   1.8000   1.8000   1.8000   1.8000   1.8000   1.8000
   1.0187   1.8000   1.8000   1.8000   1.8000   1.8000   1.8000   1.8000   1.8000   1.8000   1.8000   1.8000   1.8000   1.8000
   1.0189   1.8000   1.8000   1.8000   1.8000   1.8000   1.8000   1.8000   1.8000   1.8000   1.8000   1.8000   1.8000   1.8000
   1.0190   1.8000   1.8000   1.8000   1.8000   1.8000   1.8000   1.8000   1.8000   1.8000   1.8000   1.8000   1.8000   1.8000
   1.0191   1.8000   1.8000   1.8000   1.8000   1.8000   1.8000   1.8000   1.8000   1.8000   1.8000   1.8000   1.8000   1.8000
   1.0192   1.8000   1.8000   1.8000   1.8000   1.8000   1.8000   1.8000   1.8000   1.8000   1.8000   1.8000   1.8000   1.8000
   1.0194   1.8000   1.8000   1.8000   1.8000   1.8000   1.8000   1.8000   1.8000   1.8000   1.8000   1.8000   1.8000   1.8000
   1.0195   1.8000   1.8000   1.8000   1.8000   1.8000   1.8000   1.8000   1.8000   1.8000   1.8000   1.8000   1.8000   1.8000
   1.0196   1.8000   1.8000   1.8000   1.8000   1.8000   1.8000   1.8000   1.8000   1.8000   1.8000   1.8000   1.8000   1.8000
   1.0198   1.8000   1.8000   1.8000   1.8000   1.8000   1.8000   1.8000   1.8000   1.8000   1.8000   1.8000   1.8000   1.8000
   1.0199   1.8000   1.8000   1.8000   1.8000   1.8000   1.8000   1.8000   1.8000   1.8000   1.8000   1.8000   1.8000   1.8000
   1.0200   1.8000   1.8000   1.8000   1.8000   1.8000   1.8000   1.8000   1.8000   1.8000   1.8000   1.8000   1.8000   1.8000
   1.0202   1.8000   1.8000   1.8000   1.8000   1.8000   1.8000   1.8000   1.8000   1.8000   1.8000   1.8000   1.8000   1.8000
   1.0203   1.8000   1.8000   1.8000   1.8000   1.8000   1.8000   1.8000   1.8000   1.8000   1.8000   1.8000   1.8000   1.8000
   1.0204   1.8000   1.8000   1.8000   1.8000   1.8000   1.8000   1.8000   1.8000   1.8000   1.8000   1.8000   1.8000   1.8000
   1.0205   1.8000   1.8000   1.8000   1.8000   1.8000   1.8000   1.8000   1.8000   1.8000   1.8000   1.8000   1.8000   1.8000
   1.0206   1.8000   1.8000   1.8000   1.8000   1.8000   1.8000   1.8000   1.8000   1.8000   1.8000   1.8000   1.8000   1.8000
   1.0208   1.8000   1.8000   1.8000   1.8000   1.8000   1.8000   1.8000   1.8000   1.8000   1.8000   1.8000   1.8000   1.8000
   1.0209   1.8000   1.8000   1.8000   1.8000   1.8000   1.8000   1.8000   1.8000   1.8000   1.8000   1.8000   1.8000   1.8000
   1.0210   1.8000   1.8000   1.8000   1.8000   1.8000   1.8000   1.8000   1.8000   1.8000   1.8000   1.8000   1.8000   1.8000
   1.0211   1.8000   1.8000   1.8000   1.8000   1.8000   1.8000   1.8000   1.8000   1.8000   1.8000   1.8000   1.8000   1.8000
   1.0212   1.8000   1.8000   1.8000   1.8000   1.8000   1.8000   1.8000   1.8000   1.8000   1.8000   1.8000   1.8000   1.8000
   1.0213   1.8000   1.8000   1.8000   1.8000   1.8000   1.8000   1.8000   1.8000   1.8000   1.8000   1.8000   1.8000   1.8000
   1.0214   1.8000   1.8000   1.8000   1.8000   1.8000   1.8000   1.8000   1.8000   1.8000   1.8000   1.8000   1.8000   1.8000
   1.0215   1.8000   1.8000   1.8000   1.8000   1.8000   1.8000   1.8000   1.8000   1.8000   1.8000   1.8000   1.8000   1.8000
   1.0216   1.8000   1.8000   1.8000   1.8000   1.8000   1.8000   1.8000   1.8000   1.8000   1.8000   1.8000   1.8000   1.8000
   1.0216   1.8000   1.8000   1.8000   1.8000   1.8000   1.8000   1.8000   1.8000   1.8000   1.8000   1.8000   1.8000   1.8000
   1.0217   1.8000   1.8000   1.8000   1.8000   1.8000   1.8000   1.8000   1.8000   1.8000   1.8000   1.8000   1.8000   1.8000
   1.0217   1.8000   1.8000   1.8000   1.8000   1.8000   1.8000   1.8000   1.8000   1.8000   1.8000   1.8000   1.8000   1.8000
   1.0218   1.8000   1.8000   1.8000   1.8000   1.8000   1.8000   1.8000   1.8000   1.8000   1.8000   1.8000   1.8000   1.8000
   1.0218   1.8000   1.8000   1.8000   1.8000   1.8000   1.8000   1.8000   1.8000   1.8000   1.8000   1.8000   1.8000   1.8000
   1.8000   1.8000   1.8000   1.8000   1.8000   1.8000   1.8000   1.8000   1.8000   1.8000   1.8000   1.8000   1.8000   1.8000
   1.8000   1.8000   1.8000   1.8000   1.8000   1.8000   1.8000   1.8000   1.8000   1.8000   1.8000   1.8000   1.8000   1.8000
   1.8000   1.8000   1.8000   1.8000   1.8000   1.8000   1.8000   1.8000   1.8000   1.8000   1.8000   1.8000   1.8000   1.8000
   1.8000   1.8000   1.8000   1.8000   1.8000   1.8000   1.8000   1.8000   1.8000   1.8000   1.8000   1.8000   1.8000   1.8000
   1.8000   1.8000   1.8000   1.8000   1.8000   1.8000   1.8000   1.8000   1.8000   1.8000   1.8000   1.8000   1.8000   1.8000
   1.8000   1.8000   1.8000   1.8000   1.8000   1.8000   1.8000   1.8000   1.8000   1.8000   1.8000   1.8000   1.8000   1.8000
   1.8000   1.8000   1.8000   1.8000   1.8000   1.8000   1.8000   1.8000   1.8000   1.8000   1.8000   1.8000   1.8000   1.8000
   1.8000   1.8000   1.8000   1.8000   1.8000   1.8000   1.8000   1.8000   1.8000   1.8000   1.8000   1.8000   1.8000   1.8000
   1.8000   1.8000   1.8000   1.8000   1.8000   1.8000   1.8000   1.8000   1.8000   1.8000   1.8000   1.8000   1.8000   1.8000
   1.8000   1.8000   1.8000   1.8000   1.8000   1.8000   1.8000   1.8000   1.8000   1.8000   1.8000   1.8000   1.8000   1.8000
   1.8000   1.8000   1.8000   1.8000   1.8000   1.8000   1.8000   1.8000   1.8000   1.8000   1.8000   1.8000   1.8000   1.8000
   1.8000   1.8000   1.8000   1.8000   1.8000   1.8000   1.8000   1.8000   1.8000   1.8000   1.8000   1.8000   1.8000   1.8000
   1.8000   1.8000   1.8000   1.8000   1.8000   1.8000   1.8000   1.8000   1.8000   1.8000   1.8000   1.8000   1.8000   1.8000
   1.8000   1.8000   1.8000   1.8000   1.8000   1.8000   1.8000   1.8000   1.8000   1.8000   1.8000   1.8000   1.8000   1.8000
   1.8000   1.8000   1.8000   1.8000   1.8000   1.8000   1.8000   1.8000   1.8000   1.8000   1.8000   1.8000   1.8000   1.8000
   1.8000   1.8000   1.8000   1.8000   1.8000   1.8000   1.8000   1.8000   1.8000   1.8000   1.8000   1.8000   1.8000   1.8000
   1.8000   1.8000   1.8000   1.8000   1.8000   1.8000   1.8000   1.8000   1.8000   1.8000   1.8000   1.8000   1.8000   1.8000
   1.8000   1.8000   1.8000   1.8000   1.8000   1.8000   1.8000   1.8000   1.8000   1.8000   1.8000   1.8000   1.8000   1.8000
   1.8000   1.8000   1.8000   1.8000   1.8000   1.8000   1.8000   1.8000   1.8000   1.8000   1.8000   1.8000   1.8000   1.8000
   1.8000   1.8000   1.8000   1.8000   1.8000   1.8000   1.8000   1.8000   1.8000   1.8000   1.8000   1.8000   1.8000   1.8000
   1.8000   1.8000   1.8000   1.8000   1.8000   1.8000   1.8000   1.8000   1.8000   1.8000   1.8000   1.8000   1.8000   1.8000
   1.8000   1.8000   1.8000   1.8000   1.8000   1.8000   1.8000   1.8000   1.8000   1.8000   1.8000   1.8000   1.8000   1.8000
   1.8000   1.8000   1.8000   1.8000   1.8000   1.8000   1.8000   1.8000   1.8000   1.8000   1.8000   1.8000   1.8000   1.8000
   1.8000   1.8000   1.8000   1.8000   1.8000   1.8000   1.8000   1.8000   1.8000   1.8000   1.8000   1.8000   1.8000   1.8000
   1.8000   1.8000   1.8000   1.8000   1.8000   1.8000   1.8000   1.8000   1.8000   1.8000   1.8000   1.8000   1.8000   1.8000
   1.8000   1.8000   1.8000   1.8000   1.8000   1.8000   1.8000   1.8000   1.8000   1.8000   1.8000   1.8000   1.8000   1.8000
   1.8000   1.8000   1.8000   1.8000   1.8000   1.8000   1.8000   1.8000   1.8000   1.8000   1.8000   1.8000   1.8000   1.8000
   1.8000   1.8000   1.8000   1.8000   1.8000   1.8000   1.8000   1.8000   1.8000   1.8000   1.8000   1.8000   1.8000   1.8000
   1.8000   1.8000   1.8000   1.8000   1.8000   1.8000   1.8000   1.8000   1.8000   1.8000   1.8000   1.8000   1.8000   1.8000
