  -0.8168  -0.7731  -0.7390  -0.7120  -0.6907  -0.6737  -0.6601  -0.6494  -0.6408  -0.6340  -0.6286  -0.6244  -0.6211  -0.6185
  -0.8105  -0.7658  -0.7312  -0.7039  -0.6823  -0.6651  -0.6514  -0.6406  -0.6321  -0.6255  -0.6203  -0.6165  -0.6137  -0.6117
  -0.8059  -0.7588  -0.7236  -0.6959  -0.6739  -0.6565  -0.6427  -0.6319  -0.6234  -0.6170  -0.6121  -0.6086  -0.6063  -0.6049
  -0.8014  -0.7519  -0.7161  -0.6879  -0.6657  -0.6480  -0.6341  -0.6232  -0.6148  -0.6085  -0.6039  -0.6008  -0.5989  -0.5980
  -0.7970  -0.7452  -0.7087  -0.6801  -0.6574  -0.6396  -0.6255  -0.6146  -0.6062  -0.6001  -0.5957  -0.5929  -0.5915  -0.5912
  -0.7927  -0.7385  -0.7014  -0.6723  -0.6493  -0.6312  -0.6170  -0.6060  -0.5977  -0.5916  -0.5875  -0.5851  -0.5841  -0.5843
  -0.7885  -0.7320  -0.6941  -0.6645  -0.6412  -0.6228  -0.6084  -0.5974  -0.5891  -0.5832  -0.5794  -0.5773  -0.5767  -0.5775
  -0.7842  -0.7255  -0.6869  -0.6568  -0.6331  -0.6145  -0.5999  -0.5888  -0.5806  -0.5749  -0.5712  -0.5694  -0.5693  -0.5706
  -0.7800  -0.7191  -0.6798  -0.6492  -0.6251  -0.6062  -0.5915  -0.5803  -0.5721  -0.5665  -0.5631  -0.5616  -0.5619  -0.5638
  -0.7759  -0.7128  -0.6727  -0.6415  -0.6171  -0.5979  -0.5830  -0.5718  -0.5636  -0.5581  -0.5549  -0.5538  -0.5545  -0.5569
  -0.7717  -0.7065  -0.6656  -0.6340  -0.6091  -0.5896  -0.5746  -0.5633  -0.5551  -0.5498  -0.5468  -0.5460  -0.5471  -0.5500
  -0.7675  -0.7003  -0.6586  -0.6264  -0.6011  -0.5814  -0.5662  -0.5548  -0.5467  -0.5414  -0.5387  -0.5382  -0.5397  -0.5432
  -0.7634  -0.6941  -0.6516  -0.6189  -0.5932  -0.5732  -0.5578  -0.5463  -0.5382  -0.5331  -0.5305  -0.5304  -0.5323  -0.5363
  -0.7592  -0.6880  -0.6447  -0.6114  -0.5853  -0.5650  -0.5494  -0.5378  -0.5297  -0.5247  -0.5224  -0.5225  -0.5249  -0.5294
  -0.7551  -0.6818  -0.6378  -0.6039  -0.5774  -0.5568  -0.5410  -0.5294  -0.5213  -0.5164  -0.5143  -0.5147  -0.5175  -0.5225
  -0.7509  -0.6757  -0.6309  -0.5965  -0.5696  -0.5487  -0.5327  -0.5209  -0.5129  -0.5080  -0.5061  -0.5069  -0.5101  -0.5155
  -0.7468  -0.6697  -0.6240  -0.5890  -0.5617  -0.5405  -0.5243  -0.5125  -0.5044  -0.4997  -0.4980  -0.4990  -0.5026  -0.5086
  -0.7427  -0.6636  -0.6172  -0.5816  -0.5539  -0.5324  -0.5160  -0.5040  -0.4960  -0.4913  -0.4898  -0.4912  -0.4952  -0.5017
  -0.7385  -0.6576  -0.6103  -0.5742  -0.5460  -0.5242  -0.5076  -0.4956  -0.4875  -0.4830  -0.4817  -0.4834  -0.4877  -0.4947
  -0.7344  -0.6516  -0.6035  -0.5668  -0.5382  -0.5161  -0.4993  -0.4872  -0.4791  -0.4747  -0.4735  -0.4755  -0.4803  -0.4877
  -0.7303  -0.6456  -0.5967  -0.5594  -0.5304  -0.5079  -0.4910  -0.4787  -0.4706  -0.4663  -0.4654  -0.4676  -0.4728  -0.4807
  -0.7261  -0.6396  -0.5899  -0.5520  -0.5226  -0.4998  -0.4826  -0.4703  -0.4622  -0.4579  -0.4572  -0.4597  -0.4653  -0.4737
  -0.7220  -0.6336  -0.5831  -0.5447  -0.5148  -0.4917  -0.4743  -0.4618  -0.4537  -0.4496  -0.4490  -0.4519  -0.4578  -0.4667
  -0.7179  -0.6277  -0.5763  -0.5373  -0.5070  -0.4836  -0.4659  -0.4534  -0.4452  -0.4412  -0.4408  -0.4440  -0.4503  -0.4597
  -0.7137  -0.6217  -0.5695  -0.5299  -0.4992  -0.4754  -0.4576  -0.4449  -0.4368  -0.4328  -0.4326  -0.4360  -0.4428  -0.4527
  -0.7096  -0.6158  -0.5628  -0.5226  -0.4914  -0.4673  -0.4492  -0.4364  -0.4283  -0.4244  -0.4244  -0.4281  -0.4352  -0.4456
  -0.7055  -0.6098  -0.5560  -0.5152  -0.4836  -0.4592  -0.4409  -0.4280  -0.4198  -0.4160  -0.4162  -0.4202  -0.4277  -0.4385
  -0.7013  -0.6039  -0.5492  -0.5079  -0.4758  -0.4510  -0.4325  -0.4195  -0.4113  -0.4076  -0.4080  -0.4122  -0.4201  -0.4314
  -0.6972  -0.5980  -0.5425  -0.5005  -0.4679  -0.4429  -0.4241  -0.4110  -0.4028  -0.3991  -0.3997  -0.4042  -0.4125  -0.4243
  -0.6930  -0.5920  -0.5357  -0.4931  -0.4601  -0.4347  -0.4158  -0.4025  -0.3942  -0.3907  -0.3914  -0.3963  -0.4049  -0.4172
  -0.6889  -0.5861  -0.5290  -0.4858  -0.4523  -0.4266  -0.4074  -0.3939  -0.3857  -0.3822  -0.3832  -0.3883  -0.3973  -0.4100
  -0.6847  -0.5802  -0.5222  -0.4784  -0.4445  -0.4184  -0.3990  -0.3854  -0.3771  -0.3737  -0.3749  -0.3802  -0.3896  -0.4029
  -0.6806  -0.5742  -0.5154  -0.4710  -0.4366  -0.4102  -0.3905  -0.3769  -0.3686  -0.3653  -0.3665  -0.3722  -0.3820  -0.3957
  -0.6764  -0.5683  -0.5087  -0.4636  -0.4288  -0.4020  -0.3821  -0.3683  -0.3600  -0.3567  -0.3582  -0.3641  -0.3743  -0.3885
  -0.6723  -0.5624  -0.5019  -0.4563  -0.4209  -0.3938  -0.3737  -0.3597  -0.3514  -0.3482  -0.3499  -0.3561  -0.3666  -0.3812
  -0.6681  -0.5565  -0.4951  -0.4489  -0.4130  -0.3856  -0.3652  -0.3511  -0.3428  -0.3397  -0.3415  -0.3480  -0.3588  -0.3740
  -0.6639  -0.5505  -0.4883  -0.4415  -0.4052  -0.3773  -0.3567  -0.3425  -0.3341  -0.3311  -0.3331  -0.3398  -0.3511  -0.3667
  -0.6597  -0.5446  -0.4815  -0.4340  -0.3973  -0.3691  -0.3482  -0.3339  -0.3254  -0.3225  -0.3247  -0.3317  -0.3433  -0.3594
  -0.6556  -0.5386  -0.4747  -0.4266  -0.3894  -0.3608  -0.3397  -0.3252  -0.3168  -0.3139  -0.3162  -0.3235  -0.3356  -0.3521
  -0.6514  -0.5327  -0.4679  -0.4192  -0.3814  -0.3525  -0.3312  -0.3165  -0.3081  -0.3052  -0.3078  -0.3153  -0.3277  -0.3447
  -0.6472  -0.5267  -0.4611  -0.4117  -0.3735  -0.3442  -0.3226  -0.3079  -0.2993  -0.2966  -0.2993  -0.3071  -0.3199  -0.3374
  -0.6430  -0.5208  -0.4543  -0.4043  -0.3655  -0.3359  -0.3140  -0.2991  -0.2906  -0.2879  -0.2908  -0.2989  -0.3121  -0.3300
  -0.6388  -0.5148  -0.4475  -0.3968  -0.3576  -0.3276  -0.3054  -0.2904  -0.2818  -0.2792  -0.2822  -0.2907  -0.3042  -0.3226
  -0.6346  -0.5089  -0.4406  -0.3893  -0.3496  -0.3192  -0.2968  -0.2816  -0.2730  -0.2705  -0.2737  -0.2824  -0.2963  -0.3152
  -0.6304  -0.5029  -0.4338  -0.3818  -0.3416  -0.3108  -0.2882  -0.2728  -0.2642  -0.2617  -0.2651  -0.2741  -0.2883  -0.3077
  -0.6262  -0.4969  -0.4269  -0.3743  -0.3335  -0.3024  -0.2795  -0.2640  -0.2553  -0.2529  -0.2565  -0.2657  -0.2804  -0.3002
  -0.6220  -0.4909  -0.4200  -0.3667  -0.3255  -0.2940  -0.2708  -0.2552  -0.2464  -0.2441  -0.2479  -0.2574  -0.2724  -0.2927
  -0.6178  -0.4849  -0.4131  -0.3592  -0.3174  -0.2855  -0.2621  -0.2463  -0.2375  -0.2353  -0.2392  -0.2490  -0.2644  -0.2852
  -0.6135  -0.4789  -0.4062  -0.3516  -0.3093  -0.2770  -0.2534  -0.2374  -0.2286  -0.2264  -0.2305  -0.2406  -0.2563  -0.2776
  -0.6093  -0.4728  -0.3993  -0.3440  -0.3012  -0.2685  -0.2446  -0.2285  -0.2196  -0.2175  -0.2218  -0.2321  -0.2483  -0.2700
  -0.6051  -0.4668  -0.3923  -0.3364  -0.2931  -0.2600  -0.2358  -0.2195  -0.2106  -0.2085  -0.2130  -0.2236  -0.2402  -0.2624
  -0.6008  -0.4608  -0.3854  -0.3287  -0.2849  -0.2514  -0.2269  -0.2105  -0.2015  -0.1996  -0.2042  -0.2151  -0.2320  -0.2547
  -0.5966  -0.4547  -0.3784  -0.3211  -0.2767  -0.2428  -0.2181  -0.2015  -0.1925  -0.1906  -0.1954  -0.2066  -0.2239  -0.2471
  -0.5923  -0.4486  -0.3714  -0.3134  -0.2685  -0.2342  -0.2092  -0.1924  -0.1834  -0.1815  -0.1865  -0.1980  -0.2157  -0.2393
  -0.5881  -0.4426  -0.3644  -0.3057  -0.2603  -0.2256  -0.2002  -0.1833  -0.1742  -0.1724  -0.1776  -0.1894  -0.2075  -0.2316
  -0.5838  -0.4365  -0.3574  -0.2980  -0.2520  -0.2169  -0.1912  -0.1742  -0.1650  -0.1633  -0.1687  -0.1807  -0.1992  -0.2238
  -0.5796  -0.4304  -0.3504  -0.2902  -0.2437  -0.2082  -0.1822  -0.1650  -0.1558  -0.1542  -0.1597  -0.1721  -0.1909  -0.2160
  -0.5753  -0.4242  -0.3433  -0.2824  -0.2353  -0.1994  -0.1732  -0.1558  -0.1465  -0.1450  -0.1507  -0.1633  -0.1826  -0.2082
  -0.5710  -0.4181  -0.3362  -0.2746  -0.2270  -0.1906  -0.1641  -0.1465  -0.1372  -0.1357  -0.1416  -0.1546  -0.1743  -0.2003
  -0.5667  -0.4119  -0.3291  -0.2668  -0.2186  -0.1818  -0.1550  -0.1372  -0.1279  -0.1265  -0.1326  -0.1458  -0.1659  -0.1924
  -0.5624  -0.4058  -0.3220  -0.2589  -0.2102  -0.1729  -0.1458  -0.1279  -0.1185  -0.1171  -0.1234  -0.1370  -0.1574  -0.1845
  -0.5581  -0.3996  -0.3148  -0.2510  -0.2017  -0.1640  -0.1366  -0.1185  -0.1090  -0.1078  -0.1142  -0.1281  -0.1490  -0.1765
  -0.5538  -0.3934  -0.3076  -0.2431  -0.1932  -0.1551  -0.1273  -0.1091  -0.0996  -0.0984  -0.1050  -0.1192  -0.1404  -0.1685
  -0.5495  -0.3872  -0.3004  -0.2352  -0.1846  -0.1461  -0.1180  -0.0996  -0.0900  -0.0889  -0.0958  -0.1102  -0.1319  -0.1605
  -0.5452  -0.3809  -0.2932  -0.2272  -0.1761  -0.1371  -0.1087  -0.0900  -0.0804  -0.0794  -0.0864  -0.1012  -0.1233  -0.1524
  -0.5409  -0.3747  -0.2859  -0.2192  -0.1674  -0.1280  -0.0993  -0.0804  -0.0708  -0.0698  -0.0771  -0.0922  -0.1147  -0.1443
  -0.5366  -0.3684  -0.2787  -0.2111  -0.1588  -0.1188  -0.0898  -0.0708  -0.0611  -0.0602  -0.0677  -0.0831  -0.1060  -0.1361
  -0.5323  -0.3621  -0.2714  -0.2030  -0.1501  -0.1097  -0.0803  -0.0611  -0.0514  -0.0505  -0.0582  -0.0739  -0.0973  -0.1279
  -0.5279  -0.3558  -0.2640  -0.1949  -0.1413  -0.1005  -0.0708  -0.0514  -0.0416  -0.0408  -0.0487  -0.0647  -0.0885  -0.1197
  -0.5236  -0.3495  -0.2567  -0.1867  -0.1325  -0.0912  -0.0612  -0.0416  -0.0317  -0.0310  -0.0391  -0.0555  -0.0797  -0.1114
  -0.5192  -0.3431  -0.2493  -0.1785  -0.1237  -0.0818  -0.0515  -0.0317  -0.0218  -0.0212  -0.0295  -0.0462  -0.0708  -0.1031
  -0.5149  -0.3368  -0.2418  -0.1703  -0.1148  -0.0725  -0.0418  -0.0218  -0.0118  -0.0113  -0.0198  -0.0368  -0.0619  -0.0947
  -0.5105  -0.3304  -0.2344  -0.1620  -0.1059  -0.0630  -0.0320  -0.0118  -0.0017  -0.0013  -0.0100  -0.0274  -0.0530  -0.0863
  -0.5062  -0.3240  -0.2269  -0.1537  -0.0969  -0.0535  -0.0221  -0.0017  -0.0017  -0.0013  -0.0002  -0.0179  -0.0440  -0.0778
  -0.5018  -0.3175  -0.2194  -0.1453  -0.0878  -0.0440  -0.0122  -0.0017        0        0  -0.0002  -0.0084  -0.0349  -0.0693
  -0.4974  -0.3111  -0.2118  -0.1369  -0.0787  -0.0343  -0.0022        0        0        0        0   0.0012  -0.0258  -0.0608
  -0.4930  -0.3046  -0.2042  -0.1284  -0.0696  -0.0246  -0.0022        0        0        0        0        0  -0.0166  -0.0522
  -0.4886  -0.2981  -0.1965  -0.1199  -0.0604  -0.0149        0        0        0        0        0        0  -0.0073  -0.0435
  -0.4842  -0.2915  -0.1889  -0.1113  -0.0511  -0.0051        0        0        0        0        0        0   0.0020  -0.0348
  -0.4798  -0.2849  -0.1812  -0.1027  -0.0417   0.0048        0        0        0        0        0        0        0  -0.0260
  -0.4754  -0.2784  -0.1734  -0.0941  -0.0323        0        0        0        0        0        0        0        0  -0.0172
  -0.4710  -0.2717  -0.1656  -0.0853  -0.0228        0        0        0        0        0        0        0        0  -0.0083
  -0.4665  -0.2651  -0.1578  -0.0765  -0.0133        0        0        0        0        0        0        0        0   0.0006
  -0.4621  -0.2584  -0.1499  -0.0677  -0.0037        0        0        0        0        0        0        0        0        0
  -0.4577  -0.2517  -0.1419  -0.0588  -0.0037        0        0        0        0        0        0        0        0        0
  -0.4532  -0.2449  -0.1339  -0.0498        0        0        0        0        0        0        0        0        0        0
  -0.4488  -0.2382  -0.1259  -0.0408        0        0        0        0        0        0        0        0        0        0
  -0.4443  -0.2314  -0.1178  -0.0317        0        0        0        0        0        0        0        0        0        0
  -0.4398  -0.2245  -0.1097  -0.0225        0        0        0        0        0        0        0        0        0        0
  -0.4353  -0.2176  -0.1015  -0.0132        0        0        0        0        0        0        0        0        0        0
  -0.4308  -0.2107  -0.0932  -0.0039        0        0        0        0        0        0        0        0        0        0
  -0.4263  -0.2037  -0.0849  -0.0039        0        0        0        0        0        0        0        0        0        0
  -0.4218  -0.1968  -0.0766        0        0        0        0        0        0        0        0        0        0        0
  -0.4173  -0.1897  -0.0681        0        0        0        0        0        0        0        0        0        0        0
  -0.4128  -0.1826  -0.0596        0        0        0        0        0        0        0        0        0        0        0
  -0.4083  -0.1755  -0.0510        0        0        0        0        0        0        0        0        0        0        0
  -0.4037  -0.1683  -0.0424        0        0        0        0        0        0        0        0        0        0        0
  -0.3992  -0.1611  -0.0337        0        0        0        0        0        0        0        0        0        0        0
  -0.3946  -0.1539  -0.0249        0        0        0        0        0        0        0        0        0        0        0
  -0.3900  -0.1466  -0.0160        0        0        0        0        0        0        0        0        0        0        0
  -0.3855  -0.1392  -0.0071        0        0        0        0        0        0        0        0        0        0        0
  -0.3809  -0.1318   0.0019        0        0        0        0        0        0        0        0        0        0        0
  -0.3763  -0.1243        0        0        0        0        0        0        0        0        0        0        0        0
  -0.3717  -0.1168        0        0        0        0        0        0        0        0        0        0        0        0
  -0.3670  -0.1092        0        0        0        0        0        0        0        0        0        0        0        0
  -0.3624  -0.1016        0        0        0        0        0        0        0        0        0        0        0        0
  -0.3578  -0.0939        0        0        0        0        0        0        0        0        0        0        0        0
  -0.3531  -0.0861        0        0        0        0        0        0        0        0        0        0        0        0
  -0.3484  -0.0783        0        0        0        0        0        0        0        0        0        0        0        0
  -0.3438  -0.0704        0        0        0        0        0        0        0        0        0        0        0        0
  -0.3391  -0.0624        0        0        0        0        0        0        0        0        0        0        0        0
  -0.3344  -0.0543        0        0        0        0        0        0        0        0        0        0        0        0
  -0.3297  -0.0462        0        0        0        0        0        0        0        0        0        0        0        0
  -0.3249  -0.0380        0        0        0        0        0        0        0        0        0        0        0        0
  -0.3202  -0.0297        0        0        0        0        0        0        0        0        0        0        0        0
  -0.3154  -0.0213        0        0        0        0        0        0        0        0        0        0        0        0
  -0.3107  -0.0128        0        0        0        0        0        0        0        0        0        0        0        0
  -0.3059  -0.0043        0        0        0        0        0        0        0        0        0        0        0        0
  -0.3011  -0.0043        0        0        0        0        0        0        0        0        0        0        0        0
  -0.2963        0        0        0        0        0        0        0        0        0        0        0        0        0
  -0.2914        0        0        0        0        0        0        0        0        0        0        0        0        0
  -0.2866        0        0        0        0        0        0        0        0        0        0        0        0        0
  -0.2817        0        0        0        0        0        0        0        0        0        0        0        0        0
  -0.2768        0        0        0        0        0        0        0        0        0        0        0        0        0
  -0.2719        0        0        0        0        0        0        0        0        0        0        0        0        0
  -0.2670        0        0        0        0        0        0        0        0        0        0        0        0        0
  -0.2621        0        0        0        0        0        0        0        0        0        0        0        0        0
  -0.2571        0        0        0        0        0        0        0        0        0        0        0        0        0
  -0.2521        0        0        0        0        0        0        0        0        0        0        0        0        0
  -0.2471        0        0        0        0        0        0        0        0        0        0        0        0        0
  -0.2421        0        0        0        0        0        0        0        0        0        0        0        0        0
  -0.2371        0        0        0        0        0        0        0        0        0        0        0        0        0
  -0.2320        0        0        0        0        0        0        0        0        0        0        0        0        0
  -0.2269        0        0        0        0        0        0        0        0        0        0        0        0        0
  -0.2218        0        0        0        0        0        0        0        0        0        0        0        0        0
  -0.2166        0        0        0        0        0        0        0        0        0        0        0        0        0
  -0.2114        0        0        0        0        0        0        0        0        0        0        0        0        0
  -0.2062        0        0        0        0        0        0        0        0        0        0        0        0        0
  -0.2010        0        0        0        0        0        0        0        0        0        0        0        0        0
  -0.1957        0        0        0        0        0        0        0        0        0        0        0        0        0
  -0.1904        0        0        0        0        0        0        0        0        0        0        0        0        0
  -0.1850        0        0        0        0        0        0        0        0        0        0        0        0        0
  -0.1797        0        0        0        0        0        0        0        0        0        0        0        0        0
  -0.1742        0        0        0        0        0        0        0        0        0        0        0        0        0
  -0.1688        0        0        0        0        0        0        0        0        0        0        0        0        0
  -0.1633        0        0        0        0        0        0        0        0        0        0        0        0        0
  -0.1577        0        0        0        0        0        0        0        0        0        0        0        0        0
  -0.1521        0        0        0        0        0        0        0        0        0        0        0        0        0
  -0.1465        0        0        0        0        0        0        0        0        0        0        0        0        0
  -0.1408        0        0        0        0        0        0        0        0        0        0        0        0        0
  -0.1350        0        0        0        0        0        0        0        0        0        0        0        0        0
  -0.1292        0        0        0        0        0        0        0        0        0        0        0        0        0
  -0.1233        0        0        0        0        0        0        0        0        0        0        0        0        0
  -0.1173        0        0        0        0        0        0        0        0        0        0        0        0        0
  -0.1113        0        0        0        0        0        0        0        0        0        0        0        0        0
  -0.1052        0        0        0        0        0        0        0        0        0        0        0        0        0
  -0.0990        0        0        0        0        0        0        0        0        0        0        0        0        0
  -0.0927        0        0        0        0        0        0        0        0        0        0        0        0        0
  -0.0863        0        0        0        0        0        0        0        0        0        0        0        0        0
  -0.0799        0        0        0        0        0        0        0        0        0        0        0        0        0
  -0.0733        0        0        0        0        0        0        0        0        0        0        0        0        0
  -0.0666        0        0        0        0        0        0        0        0        0        0        0        0        0
  -0.0598        0        0        0        0        0        0        0        0        0        0        0        0        0
  -0.0528        0        0        0        0        0        0        0        0        0        0        0        0        0
  -0.0457        0        0        0        0        0        0        0        0        0        0        0        0        0
  -0.0384        0        0        0        0        0        0        0        0        0        0        0        0        0
  -0.0310        0        0        0        0        0        0        0        0        0        0        0        0        0
  -0.0233        0        0        0        0        0        0        0        0        0        0        0        0        0
  -0.0155        0        0        0        0        0        0        0        0        0        0        0        0        0
  -0.0074        0        0        0        0        0        0        0        0        0        0        0        0        0
   0.0009        0        0        0        0        0        0        0        0        0        0        0        0        0
        0        0        0        0        0        0        0        0        0        0        0        0        0        0
        0        0        0        0        0        0        0        0        0        0        0        0        0        0
        0        0        0        0        0        0        0        0        0        0        0        0        0        0
        0        0        0        0        0        0        0        0        0        0        0        0        0        0
        0        0        0        0        0        0        0        0        0        0        0        0        0        0
        0        0        0        0        0        0        0        0        0        0        0        0        0        0
        0        0        0        0        0        0        0        0        0        0        0        0        0        0
        0        0        0        0        0        0        0        0        0        0        0        0        0        0
        0        0        0        0        0        0        0        0        0        0        0        0        0        0
        0        0        0        0        0        0        0        0        0        0        0        0        0        0
        0        0        0        0        0        0        0        0        0        0        0        0        0        0
        0        0        0        0        0        0        0        0        0        0        0        0        0        0
        0        0        0        0        0        0        0        0        0        0        0        0        0        0
        0        0        0        0        0        0        0        0        0        0        0        0        0        0
        0        0        0        0        0        0        0        0        0        0        0        0        0        0
        0        0        0        0        0        0        0        0        0        0        0        0        0        0
        0        0        0        0        0        0        0        0        0        0        0        0        0        0
        0        0        0        0        0        0        0        0        0        0        0        0        0        0
        0        0        0        0        0        0        0        0        0        0        0        0        0        0
        0        0        0        0        0        0        0        0        0        0        0        0        0        0
        0        0        0        0        0        0        0        0        0        0        0        0        0        0
        0        0        0        0        0        0        0        0        0        0        0        0        0        0
        0        0        0        0        0        0        0        0        0        0        0        0        0        0
        0        0        0        0        0        0        0        0        0        0        0        0        0        0
        0        0        0        0        0        0        0        0        0        0        0        0        0        0
        0        0        0        0        0        0        0        0        0        0        0        0        0        0
        0        0        0        0        0        0        0        0        0        0        0        0        0        0
        0        0        0        0        0        0        0        0        0        0        0        0        0        0
        0        0        0        0        0        0        0        0        0        0        0        0        0        0
