   1.4144   1.3698   1.3214   1.2694   1.2140   1.1552   1.0932   1.0282   0.9605   0.8901   0.8172   0.7422   0.6651   0.5861
   1.4166   1.3720   1.3237   1.2718   1.2165   1.1578   1.0959   1.0311   0.9635   0.8932   0.8205   0.7456   0.6686   0.5898
   1.4187   1.3742   1.3260   1.2742   1.2190   1.1604   1.0987   1.0339   0.9664   0.8963   0.8237   0.7489   0.6721   0.5935
   1.4208   1.3764   1.3283   1.2766   1.2214   1.1629   1.1013   1.0367   0.9693   0.8993   0.8269   0.7523   0.6756   0.5971
   1.4229   1.3785   1.3305   1.2789   1.2238   1.1655   1.1040   1.0395   0.9722   0.9024   0.8301   0.7555   0.6790   0.6007
   1.4250   1.3807   1.3327   1.2812   1.2262   1.1680   1.1066   1.0422   0.9751   0.9053   0.8332   0.7588   0.6824   0.6042
   1.4270   1.3828   1.3349   1.2835   1.2286   1.1704   1.1091   1.0449   0.9779   0.9082   0.8362   0.7620   0.6858   0.6077
   1.4291   1.3849   1.3371   1.2857   1.2309   1.1729   1.1117   1.0475   0.9806   0.9111   0.8392   0.7651   0.6890   0.6112
   1.4311   1.3870   1.3392   1.2879   1.2332   1.1752   1.1142   1.0501   0.9833   0.9139   0.8422   0.7682   0.6923   0.6146
   1.4332   1.3890   1.3414   1.2901   1.2355   1.1776   1.1166   1.0527   0.9860   0.9167   0.8451   0.7713   0.6955   0.6180
   1.4352   1.3911   1.3435   1.2923   1.2378   1.1799   1.1190   1.0552   0.9886   0.9195   0.8480   0.7743   0.6987   0.6213
   1.4372   1.3931   1.3455   1.2945   1.2400   1.1822   1.1214   1.0577   0.9912   0.9222   0.8508   0.7773   0.7018   0.6246
   1.4392   1.3951   1.3476   1.2966   1.2422   1.1845   1.1238   1.0601   0.9938   0.9249   0.8536   0.7802   0.7049   0.6278
   1.4412   1.3971   1.3496   1.2987   1.2443   1.1867   1.1261   1.0626   0.9963   0.9275   0.8564   0.7831   0.7079   0.6310
   1.4432   1.3991   1.3516   1.3007   1.2464   1.1889   1.1284   1.0649   0.9988   0.9301   0.8591   0.7860   0.7109   0.6342
   1.4451   1.4010   1.3536   1.3028   1.2485   1.1911   1.1306   1.0673   1.0012   0.9326   0.8618   0.7888   0.7139   0.6373
   1.4471   1.4030   1.3556   1.3048   1.2506   1.1932   1.1328   1.0696   1.0036   0.9352   0.8644   0.7916   0.7168   0.6404
   1.4491   1.4049   1.3576   1.3068   1.2527   1.1954   1.1350   1.0718   1.0060   0.9376   0.8670   0.7943   0.7197   0.6435
   1.4510   1.4068   1.3595   1.3087   1.2547   1.1974   1.1372   1.0740   1.0083   0.9400   0.8695   0.7970   0.7225   0.6465
   1.4529   1.4087   1.3614   1.3107   1.2567   1.1995   1.1393   1.0762   1.0106   0.9424   0.8720   0.7996   0.7253   0.6494
   1.4548   1.4105   1.3633   1.3126   1.2586   1.2015   1.1413   1.0784   1.0128   0.9448   0.8745   0.8022   0.7281   0.6523
   1.4567   1.4124   1.3651   1.3145   1.2605   1.2035   1.1434   1.0805   1.0150   0.9471   0.8769   0.8047   0.7308   0.6552
   1.4586   1.4142   1.3670   1.3164   1.2624   1.2054   1.1454   1.0826   1.0171   0.9493   0.8793   0.8072   0.7334   0.6580
   1.4605   1.4160   1.3688   1.3182   1.2643   1.2073   1.1473   1.0846   1.0193   0.9515   0.8816   0.8097   0.7360   0.6608
   1.4624   1.4178   1.3706   1.3200   1.2662   1.2092   1.1493   1.0866   1.0213   0.9537   0.8839   0.8121   0.7386   0.6636
   1.4643   1.4196   1.3724   1.3218   1.2680   1.2110   1.1512   1.0886   1.0234   0.9558   0.8861   0.8145   0.7411   0.6663
   1.4661   1.4214   1.3741   1.3236   1.2698   1.2129   1.1530   1.0905   1.0254   0.9579   0.8883   0.8168   0.7436   0.6689
   1.4679   1.4231   1.3759   1.3253   1.2715   1.2147   1.1549   1.0924   1.0273   0.9600   0.8905   0.8191   0.7460   0.6715
   1.4698   1.4248   1.3776   1.3270   1.2732   1.2164   1.1567   1.0942   1.0292   0.9620   0.8926   0.8213   0.7484   0.6741
   1.4716   1.4266   1.3793   1.3287   1.2749   1.2181   1.1584   1.0960   1.0311   0.9639   0.8947   0.8235   0.7508   0.6767
   1.4734   1.4283   1.3809   1.3304   1.2766   1.2198   1.1601   1.0978   1.0330   0.9659   0.8967   0.8257   0.7531   0.6791
   1.4752   1.4299   1.3826   1.3320   1.2783   1.2215   1.1618   1.0995   1.0348   0.9677   0.8987   0.8278   0.7554   0.6816
   1.4770   1.4316   1.3842   1.3336   1.2799   1.2231   1.1635   1.1012   1.0365   0.9696   0.9006   0.8299   0.7576   0.6840
   1.4788   1.4332   1.3858   1.3352   1.2815   1.2247   1.1651   1.1029   1.0382   0.9714   0.9025   0.8319   0.7598   0.6863
   1.4805   1.4349   1.3874   1.3368   1.2830   1.2263   1.1667   1.1045   1.0399   0.9731   0.9044   0.8339   0.7619   0.6887
   1.4823   1.4365   1.3890   1.3383   1.2845   1.2278   1.1682   1.1061   1.0415   0.9748   0.9062   0.8358   0.7640   0.6909
   1.4840   1.4381   1.3905   1.3398   1.2860   1.2293   1.1697   1.1076   1.0431   0.9765   0.9079   0.8377   0.7660   0.6932
   1.4858   1.4396   1.3920   1.3413   1.2875   1.2307   1.1712   1.1091   1.0447   0.9781   0.9097   0.8395   0.7680   0.6954
   1.4875   1.4412   1.3936   1.3428   1.2890   1.2322   1.1727   1.1106   1.0462   0.9797   0.9113   0.8413   0.7700   0.6975
   1.4892   1.4427   1.3950   1.3442   1.2904   1.2336   1.1741   1.1120   1.0477   0.9812   0.9130   0.8431   0.7719   0.6996
   1.4909   1.4443   1.3965   1.3456   1.2917   1.2349   1.1754   1.1134   1.0491   0.9827   0.9146   0.8448   0.7738   0.7016
   1.4926   1.4458   1.3979   1.3470   1.2931   1.2363   1.1768   1.1148   1.0505   0.9842   0.9161   0.8465   0.7756   0.7037
   1.4942   1.4473   1.3993   1.3484   1.2944   1.2376   1.1781   1.1161   1.0518   0.9856   0.9176   0.8481   0.7773   0.7056
   1.4959   1.4487   1.4007   1.3497   1.2957   1.2389   1.1793   1.1173   1.0531   0.9870   0.9191   0.8497   0.7791   0.7075
   1.4976   1.4502   1.4021   1.3510   1.2970   1.2401   1.1805   1.1186   1.0544   0.9883   0.9205   0.8512   0.7808   0.7094
   1.4992   1.4516   1.4035   1.3523   1.2982   1.2413   1.1817   1.1198   1.0556   0.9896   0.9218   0.8527   0.7824   0.7112
   1.5008   1.4531   1.4048   1.3536   1.2994   1.2425   1.1829   1.1209   1.0568   0.9908   0.9232   0.8541   0.7840   0.7130
   1.5025   1.4545   1.4061   1.3548   1.3006   1.2436   1.1840   1.1220   1.0580   0.9920   0.9244   0.8555   0.7855   0.7148
   1.5041   1.4558   1.4074   1.3560   1.3018   1.2447   1.1851   1.1231   1.0591   0.9931   0.9257   0.8569   0.7870   0.7165
   1.5057   1.4572   1.4086   1.3572   1.3029   1.2458   1.1861   1.1242   1.0601   0.9942   0.9268   0.8582   0.7885   0.7181
   1.5073   1.4586   1.4099   1.3584   1.3040   1.2468   1.1871   1.1251   1.0611   0.9953   0.9280   0.8594   0.7899   0.7197
   1.5088   1.4599   1.4111   1.3595   1.3050   1.2478   1.1881   1.1261   1.0621   0.9963   0.9291   0.8606   0.7912   0.7213
   1.5104   1.4612   1.4123   1.3606   1.3061   1.2488   1.1890   1.1270   1.0630   0.9973   0.9301   0.8618   0.7926   0.7228
   1.5120   1.4625   1.4135   1.3617   1.3070   1.2497   1.1899   1.1279   1.0639   0.9982   0.9311   0.8629   0.7938   0.7242
   1.5135   1.4638   1.4146   1.3627   1.3080   1.2506   1.1908   1.1287   1.0647   0.9991   0.9321   0.8639   0.7950   0.7257
   1.5150   1.4651   1.4158   1.3638   1.3090   1.2515   1.1916   1.1295   1.0655   0.9999   0.9330   0.8650   0.7962   0.7270
   1.5166   1.4663   1.4169   1.3648   1.3099   1.2523   1.1924   1.1303   1.0663   1.0007   0.9338   0.8659   0.7973   0.7283
   1.5181   1.4675   1.4180   1.3657   1.3107   1.2531   1.1931   1.1310   1.0670   1.0015   0.9346   0.8669   0.7984   0.7296
   1.5196   1.4688   1.4190   1.3667   1.3116   1.2539   1.1938   1.1317   1.0677   1.0022   0.9354   0.8677   0.7994   0.7309
   1.5211   1.4700   1.4201   1.3676   1.3124   1.2546   1.1945   1.1323   1.0683   1.0028   0.9361   0.8686   0.8004   0.7320
   1.5225   1.4711   1.4211   1.3685   1.3132   1.2553   1.1951   1.1329   1.0689   1.0034   0.9368   0.8693   0.8013   0.7332
   1.5240   1.4723   1.4221   1.3694   1.3139   1.2560   1.1957   1.1334   1.0694   1.0040   0.9374   0.8701   0.8022   0.7343
   1.5255   1.4734   1.4231   1.3702   1.3147   1.2566   1.1963   1.1339   1.0699   1.0045   0.9380   0.8707   0.8031   0.7353
   1.5269   1.4746   1.4240   1.3710   1.3154   1.2572   1.1968   1.1344   1.0704   1.0050   0.9385   0.8714   0.8038   0.7363
   1.5283   1.4757   1.4250   1.3718   1.3160   1.2578   1.1973   1.1348   1.0708   1.0054   0.9390   0.8720   0.8046   0.7372
   1.5298   1.4767   1.4259   1.3726   1.3166   1.2583   1.1977   1.1352   1.0711   1.0057   0.9394   0.8725   0.8053   0.7381
   1.5312   1.4778   1.4268   1.3733   1.3172   1.2588   1.1981   1.1355   1.0714   1.0061   0.9398   0.8730   0.8059   0.7390
   1.5326   1.4789   1.4276   1.3740   1.3178   1.2592   1.1985   1.1358   1.0717   1.0063   0.9401   0.8734   0.8065   0.7398
   1.5340   1.4799   1.4285   1.3747   1.3183   1.2596   1.1988   1.1361   1.0719   1.0066   0.9404   0.8738   0.8070   0.7405
   1.5353   1.4809   1.4293   1.3753   1.3188   1.2600   1.1990   1.1363   1.0721   1.0067   0.9406   0.8741   0.8075   0.7412
   1.5367   1.4819   1.4301   1.3760   1.3193   1.2603   1.1993   1.1365   1.0722   1.0069   0.9408   0.8744   0.8079   0.7418
   1.5380   1.4829   1.4309   1.3765   1.3198   1.2606   1.1995   1.1366   1.0723   1.0070   0.9409   0.8746   0.8083   0.7424
   1.5394   1.4839   1.4316   1.3771   1.3202   1.2609   1.1996   1.1367   1.0723   1.0070   0.9410   0.8748   0.8087   0.7430
   1.5407   1.4848   1.4323   1.3777   1.3205   1.2611   1.1997   1.1367   1.0723   1.0070   0.9410   0.8749   0.8089   0.7435
   1.5420   1.4857   1.4330   1.3782   1.3209   1.2613   1.1998   1.1367        0        0   0.9410   0.8750   0.8092   0.7439
   1.5433   1.4866   1.4337   1.3786   1.3212   1.2615   1.1998        0        0        0        0   0.8750   0.8093   0.7443
   1.5446   1.4875   1.4344   1.3791   1.3214   1.2616   1.1998        0        0        0        0        0   0.8095   0.7446
   1.5459   1.4884   1.4350   1.3795   1.3217   1.2617        0        0        0        0        0        0   0.8095   0.7449
   1.5472   1.4892   1.4356   1.3799   1.3219   1.2617        0        0        0        0        0        0   0.8095   0.7452
   1.5485   1.4901   1.4362   1.3803   1.3221   1.2617        0        0        0        0        0        0        0   0.7454
   1.5497   1.4909   1.4367   1.3806   1.3222        0        0        0        0        0        0        0        0   0.7455
   1.5509   1.4917   1.4373   1.3809   1.3223        0        0        0        0        0        0        0        0   0.7456
   1.5522   1.4924   1.4378   1.3812   1.3224        0        0        0        0        0        0        0        0   0.7456
   1.5534   1.4932   1.4383   1.3814   1.3224        0        0        0        0        0        0        0        0        0
   1.5546   1.4939   1.4387   1.3816   1.3224        0        0        0        0        0        0        0        0        0
   1.5558   1.4946   1.4391   1.3818        0        0        0        0        0        0        0        0        0        0
   1.5570   1.4953   1.4396   1.3820        0        0        0        0        0        0        0        0        0        0
   1.5581   1.4960   1.4399   1.3821        0        0        0        0        0        0        0        0        0        0
   1.5593   1.4967   1.4403   1.3822        0        0        0        0        0        0        0        0        0        0
   1.5604   1.4973   1.4406   1.3823        0        0        0        0        0        0        0        0        0        0
   1.5616   1.4979   1.4409   1.3823        0        0        0        0        0        0        0        0        0        0
   1.5627   1.4985   1.4412   1.3823        0        0        0        0        0        0        0        0        0        0
   1.5638   1.4991   1.4415        0        0        0        0        0        0        0        0        0        0        0
   1.5649   1.4996   1.4417        0        0        0        0        0        0        0        0        0        0        0
   1.5660   1.5002   1.4419        0        0        0        0        0        0        0        0        0        0        0
   1.5671   1.5007   1.4421        0        0        0        0        0        0        0        0        0        0        0
   1.5681   1.5012   1.4422        0        0        0        0        0        0        0        0        0        0        0
   1.5692   1.5017   1.4423        0        0        0        0        0        0        0        0        0        0        0
   1.5702   1.5021   1.4424        0        0        0        0        0        0        0        0        0        0        0
   1.5712   1.5025   1.4425        0        0        0        0        0        0        0        0        0        0        0
   1.5723   1.5030   1.4425        0        0        0        0        0        0        0        0        0        0        0
   1.5733   1.5033   1.4425        0        0        0        0        0        0        0        0        0        0        0
   1.5742   1.5037        0        0        0        0        0        0        0        0        0        0        0        0
   1.5752   1.5041        0        0        0        0        0        0        0        0        0        0        0        0
   1.5762   1.5044        0        0        0        0        0        0        0        0        0        0        0        0
   1.5771   1.5047        0        0        0        0        0        0        0        0        0        0        0        0
   1.5781   1.5050        0        0        0        0        0        0        0        0        0        0        0        0
   1.5790   1.5052        0        0        0        0        0        0        0        0        0        0        0        0
   1.5799   1.5055        0        0        0        0        0        0        0        0        0        0        0        0
   1.5808   1.5057        0        0        0        0        0        0        0        0        0        0        0        0
   1.5817   1.5059        0        0        0        0        0        0        0        0        0        0        0        0
   1.5826   1.5060        0        0        0        0        0        0        0        0        0        0        0        0
   1.5835   1.5062        0        0        0        0        0        0        0        0        0        0        0        0
   1.5843   1.5063        0        0        0        0        0        0        0        0        0        0        0        0
   1.5852   1.5064        0        0        0        0        0        0        0        0        0        0        0        0
   1.5860   1.5065        0        0        0        0        0        0        0        0        0        0        0        0
   1.5868   1.5065        0        0        0        0        0        0        0        0        0        0        0        0
   1.5876   1.5066        0        0        0        0        0        0        0        0        0        0        0        0
   1.5884   1.5066        0        0        0        0        0        0        0        0        0        0        0        0
   1.5892        0        0        0        0        0        0        0        0        0        0        0        0        0
   1.5900        0        0        0        0        0        0        0        0        0        0        0        0        0
   1.5907        0        0        0        0        0        0        0        0        0        0        0        0        0
   1.5915        0        0        0        0        0        0        0        0        0        0        0        0        0
   1.5922        0        0        0        0        0        0        0        0        0        0        0        0        0
   1.5929        0        0        0        0        0        0        0        0        0        0        0        0        0
   1.5936        0        0        0        0        0        0        0        0        0        0        0        0        0
   1.5943        0        0        0        0        0        0        0        0        0        0        0        0        0
   1.5950        0        0        0        0        0        0        0        0        0        0        0        0        0
   1.5957        0        0        0        0        0        0        0        0        0        0        0        0        0
   1.5963        0        0        0        0        0        0        0        0        0        0        0        0        0
   1.5970        0        0        0        0        0        0        0        0        0        0        0        0        0
   1.5976        0        0        0        0        0        0        0        0        0        0        0        0        0
   1.5982        0        0        0        0        0        0        0        0        0        0        0        0        0
   1.5988        0        0        0        0        0        0        0        0        0        0        0        0        0
   1.5994        0        0        0        0        0        0        0        0        0        0        0        0        0
   1.6000        0        0        0        0        0        0        0        0        0        0        0        0        0
   1.6005        0        0        0        0        0        0        0        0        0        0        0        0        0
   1.6011        0        0        0        0        0        0        0        0        0        0        0        0        0
   1.6016        0        0        0        0        0        0        0        0        0        0        0        0        0
   1.6021        0        0        0        0        0        0        0        0        0        0        0        0        0
   1.6026        0        0        0        0        0        0        0        0        0        0        0        0        0
   1.6031        0        0        0        0        0        0        0        0        0        0        0        0        0
   1.6036        0        0        0        0        0        0        0        0        0        0        0        0        0
   1.6041        0        0        0        0        0        0        0        0        0        0        0        0        0
   1.6045        0        0        0        0        0        0        0        0        0        0        0        0        0
   1.6049        0        0        0        0        0        0        0        0        0        0        0        0        0
   1.6054        0        0        0        0        0        0        0        0        0        0        0        0        0
   1.6058        0        0        0        0        0        0        0        0        0        0        0        0        0
   1.6062        0        0        0        0        0        0        0        0        0        0        0        0        0
   1.6065        0        0        0        0        0        0        0        0        0        0        0        0        0
   1.6069        0        0        0        0        0        0        0        0        0        0        0        0        0
   1.6072        0        0        0        0        0        0        0        0        0        0        0        0        0
   1.6076        0        0        0        0        0        0        0        0        0        0        0        0        0
   1.6079        0        0        0        0        0        0        0        0        0        0        0        0        0
   1.6082        0        0        0        0        0        0        0        0        0        0        0        0        0
   1.6085        0        0        0        0        0        0        0        0        0        0        0        0        0
   1.6087        0        0        0        0        0        0        0        0        0        0        0        0        0
   1.6090        0        0        0        0        0        0        0        0        0        0        0        0        0
   1.6092        0        0        0        0        0        0        0        0        0        0        0        0        0
   1.6094        0        0        0        0        0        0        0        0        0        0        0        0        0
   1.6096        0        0        0        0        0        0        0        0        0        0        0        0        0
   1.6098        0        0        0        0        0        0        0        0        0        0        0        0        0
   1.6100        0        0        0        0        0        0        0        0        0        0        0        0        0
   1.6101        0        0        0        0        0        0        0        0        0        0        0        0        0
   1.6103        0        0        0        0        0        0        0        0        0        0        0        0        0
   1.6104        0        0        0        0        0        0        0        0        0        0        0        0        0
   1.6105        0        0        0        0        0        0        0        0        0        0        0        0        0
   1.6105        0        0        0        0        0        0        0        0        0        0        0        0        0
   1.6106        0        0        0        0        0        0        0        0        0        0        0        0        0
   1.6106        0        0        0        0        0        0        0        0        0        0        0        0        0
   1.6106        0        0        0        0        0        0        0        0        0        0        0        0        0
        0        0        0        0        0        0        0        0        0        0        0        0        0        0
        0        0        0        0        0        0        0        0        0        0        0        0        0        0
        0        0        0        0        0        0        0        0        0        0        0        0        0        0
        0        0        0        0        0        0        0        0        0        0        0        0        0        0
        0        0        0        0        0        0        0        0        0        0        0        0        0        0
        0        0        0        0        0        0        0        0        0        0        0        0        0        0
        0        0        0        0        0        0        0        0        0        0        0        0        0        0
        0        0        0        0        0        0        0        0        0        0        0        0        0        0
        0        0        0        0        0        0        0        0        0        0        0        0        0        0
        0        0        0        0        0        0        0        0        0        0        0        0        0        0
        0        0        0        0        0        0        0        0        0        0        0        0        0        0
        0        0        0        0        0        0        0        0        0        0        0        0        0        0
        0        0        0        0        0        0        0        0        0        0        0        0        0        0
        0        0        0        0        0        0        0        0        0        0        0        0        0        0
        0        0        0        0        0        0        0        0        0        0        0        0        0        0
        0        0        0        0        0        0        0        0        0        0        0        0        0        0
        0        0        0        0        0        0        0        0        0        0        0        0        0        0
        0        0        0        0        0        0        0        0        0        0        0        0        0        0
        0        0        0        0        0        0        0        0        0        0        0        0        0        0
        0        0        0        0        0        0        0        0        0        0        0        0        0        0
        0        0        0        0        0        0        0        0        0        0        0        0        0        0
        0        0        0        0        0        0        0        0        0        0        0        0        0        0
        0        0        0        0        0        0        0        0        0        0        0        0        0        0
        0        0        0        0        0        0        0        0        0        0        0        0        0        0
        0        0        0        0        0        0        0        0        0        0        0        0        0        0
        0        0        0        0        0        0        0        0        0        0        0        0        0        0
        0        0        0        0        0        0        0        0        0        0        0        0        0        0
        0        0        0        0        0        0        0        0        0        0        0        0        0        0
        0        0        0        0        0        0        0        0        0        0        0        0        0        0
