1	0.01	2	0.01	1
2	0.0202828	2.10291	0.022135	0.936093
3	0.0293468	2.14987	0.0329634	0.904713
4	0.037048	2.16887	0.042496	0.881858
5	0.0434312	2.17263	0.0507967	0.862214
6	0.0486125	2.16769	0.0579607	0.84408
7	0.0527328	2.15766	0.0640961	0.826844
8	0.0559358	2.14471	0.0693141	0.81027
9	0.0583584	2.13015	0.0737227	0.794274
10	0.0601254	2.11484	0.0774239	0.778825
11	0.0613489	2.09935	0.0805122	0.763918
12	0.0621269	2.08406	0.0830739	0.749556
13	0.062545	2.06924	0.0851868	0.735742
14	0.0626767	2.05508	0.0869208	0.722481
15	0.0625845	2.04172	0.0883382	0.709773
16	0.0623215	2.02926	0.0894936	0.697617
17	0.0619321	2.01777	0.0904352	0.686009
18	0.0614532	2.00731	0.091205	0.674943
19	0.0609152	1.99792	0.091839	0.664409
20	0.0603427	1.98963	0.0923682	0.654396
21	0.0597553	1.98244	0.0928186	0.644889
22	0.0591684	1.97636	0.0932121	0.635874
23	0.0585938	1.97138	0.0935664	0.62733
24	0.0580399	1.96747	0.0938958	0.61924
25	0.0575126	1.96461	0.0942111	0.611581
26	0.0570154	1.96276	0.0945206	0.60433
27	0.0565499	1.96186	0.0948296	0.597465
28	0.0561161	1.96187	0.0951414	0.590959
29	0.0557126	1.96271	0.0954574	0.584788
30	0.0553373	1.96431	0.0957771	0.578928
31	0.054987	1.9666	0.096099	0.573354
32	0.0546582	1.9695	0.0964202	0.568043
33	0.054347	1.97293	0.0967374	0.56297
34	0.0540493	1.97681	0.0970465	0.558116
35	0.0537614	1.98106	0.0973435	0.553461
36	0.0534795	1.9856	0.0976242	0.548985
37	0.0532	1.99035	0.0978845	0.544673
38	0.0529201	1.99525	0.0981208	0.54051
39	0.0526371	2.00024	0.0983301	0.536484
40	0.0523491	2.00524	0.0985096	0.532583
41	0.0520544	2.0102	0.0986575	0.528799
42	0.0517521	2.01508	0.0987726	0.525123
43	0.0514417	2.01984	0.0988543	0.52155
44	0.0511231	2.02442	0.0989028	0.518075
45	0.0507969	2.0288	0.0989189	0.514695
46	0.0504636	2.03296	0.0989039	0.511406
47	0.0501245	2.03687	0.0988598	0.508207
48	0.0497809	2.04052	0.0987889	0.505098
49	0.0494343	2.04389	0.0986938	0.502077
50	0.0490863	2.04697	0.0985775	0.499145
51	0.0487388	2.04977	0.0984432	0.496302
52	0.0483934	2.05229	0.0982941	0.493549
53	0.0480519	2.05453	0.0981334	0.490886
54	0.047716	2.0565	0.0979644	0.488313
55	0.0473874	2.05821	0.0977902	0.485832
56	0.0470674	2.05966	0.0976138	0.483442
57	0.0467574	2.06089	0.097438	0.481144
58	0.0464585	2.06189	0.0972654	0.478937
59	0.0461718	2.06269	0.0970983	0.47682
60	0.045898	2.0633	0.0969386	0.474793
61	0.0456378	2.06374	0.0967882	0.472856
62	0.0453916	2.06402	0.0966485	0.471005
63	0.0451598	2.06417	0.0965207	0.469239
64	0.0449423	2.06419	0.0964056	0.467556
65	0.0447391	2.06409	0.0963038	0.465953
66	0.0445501	2.0639	0.0962158	0.464427
67	0.0443749	2.06361	0.0961415	0.462975
68	0.044213	2.06324	0.0960809	0.461593
69	0.0440638	2.0628	0.0960336	0.460278
70	0.0439268	2.0623	0.0959992	0.459026
71	0.0438012	2.06173	0.095977	0.457834
72	0.0436863	2.06111	0.0959663	0.456697
73	0.0435813	2.06043	0.0959663	0.455611
74	0.0434854	2.05971	0.0959761	0.454574
75	0.0433977	2.05894	0.0959946	0.45358
76	0.0433176	2.05813	0.0960211	0.452627
77	0.0432442	2.05727	0.0960546	0.451711
78	0.0431768	2.05637	0.0960941	0.45083
79	0.0431147	2.05543	0.0961388	0.449979
80	0.0430573	2.05445	0.0961878	0.449158
81	0.043004	2.05343	0.0962404	0.448362
82	0.0429542	2.05237	0.0962959	0.447591
83	0.0429075	2.05128	0.0963536	0.446841
84	0.0428634	2.05015	0.0964129	0.446111
85	0.0428215	2.04899	0.0964733	0.4454
86	0.0427815	2.0478	0.0965344	0.444706
87	0.042743	2.04658	0.0965957	0.444027
88	0.0427059	2.04532	0.096657	0.443363
89	0.0426699	2.04404	0.0967179	0.442713
90	0.0426349	2.04274	0.0967783	0.442076
91	0.0426006	2.04142	0.0968379	0.441451
92	0.0425669	2.04007	0.0968965	0.440837
93	0.0425338	2.0387	0.0969542	0.440235
94	0.0425012	2.03732	0.0970106	0.439643
95	0.042469	2.03593	0.097066	0.43906
96	0.0424371	2.03452	0.09712	0.438488
97	0.0424055	2.0331	0.0971729	0.437925
98	0.0423742	2.03168	0.0972245	0.437371
99	0.0423432	2.03025	0.0972749	0.436825
100	0.0423124	2.02881	0.0973241	0.436288
101	0.0422819	2.02737	0.0973721	0.43576
102	0.0422517	2.02593	0.097419	0.43524
103	0.0422217	2.0245	0.0974649	0.434728
104	0.0421921	2.02306	0.0975098	0.434223
105	0.0421627	2.02163	0.0975538	0.433727
106	0.0421337	2.02021	0.0975969	0.433238
107	0.0421051	2.01879	0.0976392	0.432757
108	0.0420768	2.01738	0.0976808	0.432283
109	0.042049	2.01599	0.0977218	0.431816
110	0.0420216	2.0146	0.0977623	0.431357
111	0.0419946	2.01323	0.0978022	0.430905
112	0.0419681	2.01186	0.0978417	0.430461
113	0.0419422	2.01052	0.0978809	0.430023
114	0.0419167	2.00919	0.0979198	0.429592
115	0.0418918	2.00787	0.0979585	0.429168
116	0.0418675	2.00658	0.097997	0.428751
117	0.0418438	2.0053	0.0980355	0.428341
118	0.0418207	2.00404	0.0980739	0.427938
119	0.0417982	2.00279	0.0981124	0.427541
120	0.0417764	2.00157	0.0981509	0.427151
121	0.0417552	2.00037	0.0981895	0.426767
122	0.0417347	1.99919	0.0982283	0.426389
123	0.0417148	1.99802	0.0982673	0.426018
124	0.0416956	1.99688	0.0983065	0.425653
125	0.0416771	1.99576	0.0983459	0.425294
126	0.0416593	1.99466	0.0983856	0.424941
127	0.0416421	1.99358	0.0984256	0.424594
128	0.0416256	1.99252	0.0984659	0.424253
129	0.0416098	1.99148	0.0985065	0.423917
130	0.0415946	1.99047	0.0985474	0.423587
131	0.0415801	1.98947	0.0985887	0.423262
132	0.0415662	1.98849	0.0986303	0.422943
133	0.0415529	1.98754	0.0986722	0.422629
134	0.0415403	1.9866	0.0987145	0.42232
135	0.0415282	1.98568	0.0987571	0.422016
136	0.0415168	1.98479	0.0988	0.421717
137	0.041506	1.98391	0.0988433	0.421423
138	0.0414957	1.98305	0.0988868	0.421134
139	0.041486	1.98221	0.0989307	0.420849
140	0.0414768	1.98138	0.0989748	0.420569
141	0.0414682	1.98058	0.0990193	0.420293
142	0.0414601	1.97979	0.099064	0.420022
143	0.0414525	1.97902	0.099109	0.419754
144	0.0414454	1.97826	0.0991542	0.419491
145	0.0414387	1.97753	0.0991996	0.419232
146	0.0414326	1.9768	0.0992453	0.418978
147	0.0414269	1.9761	0.0992912	0.418727
148	0.0414216	1.97541	0.0993373	0.41848
149	0.0414168	1.97473	0.0993836	0.418237
150	0.0414124	1.97407	0.09943	0.417997
151	0.0414084	1.97342	0.0994766	0.417762
152	0.0414049	1.97278	0.0995234	0.41753
153	0.0414017	1.97216	0.0995703	0.417301
154	0.0413989	1.97155	0.0996173	0.417077
155	0.0413965	1.97096	0.0996644	0.416856
156	0.0413944	1.97037	0.0997116	0.416638
157	0.0413928	1.9698	0.0997589	0.416424
158	0.0413914	1.96924	0.0998062	0.416213
159	0.0413904	1.96869	0.0998536	0.416006
160	0.0413898	1.96816	0.099901	0.415803
161	0.0413895	1.96763	0.0999485	0.415602
162	0.0413895	1.96712	0.099996	0.415405
163	0.0413898	1.96661	0.100043	0.415212
164	0.0413905	1.96612	0.100091	0.415022
165	0.0413914	1.96563	0.100138	0.414835
166	0.0413926	1.96516	0.100186	0.414652
167	0.0413942	1.9647	0.100233	0.414472
168	0.041396	1.96424	0.10028	0.414296
169	0.0413981	1.96379	0.100327	0.414123
170	0.0414005	1.96336	0.100374	0.413953
171	0.0414032	1.96293	0.100421	0.413787
172	0.0414061	1.96251	0.100468	0.413624
173	0.0414093	1.9621	0.100514	0.413465
174	0.0414127	1.9617	0.100561	0.413309
175	0.0414164	1.96131	0.100607	0.413157
176	0.0414203	1.96092	0.100652	0.413008
177	0.0414245	1.96055	0.100698	0.412863
178	0.0414289	1.96018	0.100743	0.412722
179	0.0414335	1.95982	0.100788	0.412584
180	0.0414383	1.95946	0.100833	0.412449
181	0.0414434	1.95912	0.100877	0.412318
182	0.0414486	1.95878	0.100921	0.412191
183	0.0414541	1.95845	0.100965	0.412068
184	0.0414597	1.95813	0.101008	0.411948
185	0.0414656	1.95781	0.101051	0.411832
186	0.0414716	1.9575	0.101093	0.41172
187	0.0414778	1.9572	0.101135	0.411612
188	0.0414841	1.95691	0.101176	0.411507
189	0.0414907	1.95662	0.101217	0.411407
190	0.0414974	1.95635	0.101257	0.41131
191	0.0415042	1.95607	0.101297	0.411217
192	0.0415112	1.95581	0.101336	0.411127
193	0.0415183	1.95555	0.101375	0.411042
194	0.0415255	1.9553	0.101412	0.410961
195	0.0415329	1.95506	0.10145	0.410883
196	0.0415403	1.95482	0.101486	0.410809
197	0.0415479	1.95459	0.101522	0.41074
198	0.0415556	1.95437	0.101557	0.410674
199	0.0415633	1.95415	0.101591	0.410612
200	0.0415712	1.95395	0.101625	0.410554
201	0.0415791	1.95374	0.101658	0.410499
202	0.041587	1.95355	0.10169	0.410449
203	0.0415951	1.95336	0.101721	0.410403
204	0.0416031	1.95318	0.101752	0.41036
205	0.0416112	1.953	0.101781	0.410321
206	0.0416194	1.95283	0.10181	0.410286
207	0.0416275	1.95267	0.101838	0.410254
208	0.0416357	1.95252	0.101865	0.410226
209	0.0416438	1.95237	0.101891	0.410202
210	0.041652	1.95222	0.101916	0.410181
211	0.0416601	1.95209	0.10194	0.410164
212	0.0416682	1.95196	0.101963	0.41015
213	0.0416763	1.95183	0.101986	0.41014
214	0.0416844	1.95172	0.102007	0.410133
215	0.0416923	1.9516	0.102028	0.410129
216	0.0417003	1.9515	0.102047	0.410129
217	0.0417081	1.9514	0.102066	0.410131
218	0.0417159	1.95131	0.102083	0.410137
219	0.0417236	1.95122	0.1021	0.410145
220	0.0417312	1.95114	0.102116	0.410157
221	0.0417387	1.95106	0.102131	0.410171
222	0.0417461	1.95099	0.102145	0.410188
223	0.0417533	1.95092	0.102158	0.410207
224	0.0417605	1.95086	0.10217	0.410229
225	0.0417675	1.95081	0.102181	0.410253
226	0.0417744	1.95076	0.102191	0.41028
227	0.0417811	1.95072	0.1022	0.410308
228	0.0417877	1.95068	0.102209	0.410339
229	0.0417941	1.95064	0.102216	0.410372
230	0.0418003	1.95061	0.102223	0.410406
231	0.0418064	1.95059	0.102229	0.410442
232	0.0418123	1.95057	0.102234	0.41048
233	0.041818	1.95055	0.102238	0.410519
234	0.0418236	1.95054	0.102241	0.41056
235	0.0418289	1.95053	0.102244	0.410602
236	0.0418341	1.95052	0.102246	0.410645
237	0.0418391	1.95052	0.102247	0.410689
238	0.0418439	1.95052	0.102248	0.410733
239	0.0418484	1.95053	0.102247	0.410779
240	0.0418528	1.95054	0.102247	0.410825
241	0.041857	1.95055	0.102245	0.410872
242	0.041861	1.95057	0.102243	0.410919
243	0.0418647	1.95058	0.10224	0.410967
244	0.0418683	1.95061	0.102237	0.411015
245	0.0418716	1.95063	0.102233	0.411063
246	0.0418748	1.95065	0.102229	0.411111
247	0.0418777	1.95068	0.102224	0.411159
248	0.0418805	1.95071	0.102219	0.411206
249	0.041883	1.95075	0.102213	0.411254
250	0.0418853	1.95078	0.102207	0.411301
251	0.0418875	1.95082	0.102201	0.411347
252	0.0418894	1.95085	0.102194	0.411394
253	0.0418912	1.95089	0.102187	0.411439
254	0.0418927	1.95093	0.10218	0.411484
255	0.0418941	1.95097	0.102172	0.411528
256	0.0418953	1.95101	0.102164	0.411571
257	0.0418963	1.95106	0.102156	0.411613
258	0.0418972	1.9511	0.102148	0.411655
259	0.0418979	1.95115	0.102139	0.411695
260	0.0418984	1.95119	0.102131	0.411734
261	0.0418988	1.95124	0.102122	0.411772
262	0.041899	1.95128	0.102113	0.411809
263	0.041899	1.95133	0.102105	0.411845
264	0.0418989	1.95137	0.102096	0.41188
265	0.0418987	1.95142	0.102087	0.411913
266	0.0418984	1.95146	0.102078	0.411945
267	0.0418979	1.95151	0.102069	0.411976
268	0.0418973	1.95156	0.102061	0.412005
269	0.0418966	1.9516	0.102052	0.412034
270	0.0418959	1.95164	0.102043	0.41206
271	0.041895	1.95169	0.102035	0.412086
272	0.041894	1.95173	0.102026	0.41211
273	0.0418929	1.95177	0.102018	0.412133
274	0.0418917	1.95182	0.10201	0.412154
275	0.0418905	1.95186	0.102002	0.412175
276	0.0418892	1.9519	0.101994	0.412194
277	0.0418879	1.95194	0.101986	0.412211
278	0.0418865	1.95198	0.101979	0.412227
279	0.041885	1.95201	0.101971	0.412243
280	0.0418835	1.95205	0.101964	0.412256
281	0.041882	1.95209	0.101957	0.412269
282	0.0418804	1.95212	0.101951	0.412281
283	0.0418788	1.95216	0.101944	0.412291
284	0.0418772	1.95219	0.101938	0.412301
285	0.0418756	1.95222	0.101932	0.412309
286	0.041874	1.95225	0.101926	0.412316
287	0.0418723	1.95228	0.101921	0.412322
288	0.0418707	1.95231	0.101915	0.412328
289	0.0418691	1.95233	0.10191	0.412332
290	0.0418675	1.95236	0.101905	0.412336
291	0.0418658	1.95239	0.101901	0.412339
292	0.0418642	1.95241	0.101896	0.412341
293	0.0418627	1.95243	0.101892	0.412342
294	0.0418611	1.95246	0.101888	0.412343
295	0.0418596	1.95248	0.101885	0.412343
296	0.0418581	1.9525	0.101881	0.412342
297	0.0418566	1.95251	0.101878	0.412341
298	0.0418552	1.95253	0.101875	0.412339
299	0.0418538	1.95255	0.101872	0.412337
300	0.0418524	1.95257	0.101869	0.412335
301	0.0418511	1.95258	0.101867	0.412332
302	0.0418498	1.9526	0.101864	0.412328
303	0.0418486	1.95261	0.101862	0.412325
304	0.0418474	1.95262	0.10186	0.412321
305	0.0418463	1.95263	0.101858	0.412317
306	0.0418452	1.95264	0.101857	0.412313
307	0.0418441	1.95266	0.101855	0.412309
308	0.0418431	1.95267	0.101854	0.412304
309	0.0418422	1.95267	0.101853	0.4123
310	0.0418413	1.95268	0.101852	0.412295
311	0.0418404	1.95269	0.101851	0.41229
312	0.0418396	1.9527	0.10185	0.412286
313	0.0418388	1.95271	0.101849	0.412281
314	0.0418381	1.95271	0.101849	0.412276
315	0.0418374	1.95272	0.101848	0.412272
316	0.0418368	1.95272	0.101848	0.412267
317	0.0418362	1.95273	0.101847	0.412263
318	0.0418356	1.95273	0.101847	0.412259
319	0.0418351	1.95274	0.101847	0.412255
320	0.0418347	1.95274	0.101847	0.412251
321	0.0418342	1.95275	0.101847	0.412247
322	0.0418338	1.95275	0.101846	0.412244
323	0.0418335	1.95275	0.101846	0.41224
324	0.0418331	1.95276	0.101846	0.412237
325	0.0418329	1.95276	0.101846	0.412234
326	0.0418326	1.95276	0.101846	0.412232
327	0.0418324	1.95277	0.101847	0.412229
328	0.0418322	1.95277	0.101847	0.412227
329	0.041832	1.95277	0.101847	0.412225
330	0.0418318	1.95278	0.101847	0.412223
331	0.0418317	1.95278	0.101847	0.412221
332	0.0418316	1.95278	0.101847	0.41222
333	0.0418315	1.95278	0.101847	0.412218
334	0.0418315	1.95279	0.101847	0.412217
335	0.0418314	1.95279	0.101847	0.412217
336	0.0418314	1.95279	0.101847	0.412216
337	0.0418313	1.95279	0.101848	0.412216
338	0.0418313	1.95279	0.101848	0.412215
339	0.0418313	1.9528	0.101848	0.412215
340	0.0418314	1.9528	0.101848	0.412215
341	0.0418314	1.9528	0.101848	0.412216
342	0.0418314	1.9528	0.101848	0.412216
343	0.0418315	1.95281	0.101848	0.412217
344	0.0418315	1.95281	0.101847	0.412217
345	0.0418315	1.95281	0.101847	0.412218
346	0.0418316	1.95282	0.101847	0.412219
347	0.0418316	1.95282	0.101847	0.41222
348	0.0418317	1.95282	0.101847	0.412221
349	0.0418317	1.95282	0.101847	0.412222
350	0.0418318	1.95283	0.101847	0.412224
351	0.0418318	1.95283	0.101846	0.412225
352	0.0418319	1.95283	0.101846	0.412227
353	0.0418319	1.95284	0.101846	0.412228
354	0.041832	1.95284	0.101846	0.41223
355	0.041832	1.95284	0.101845	0.412231
356	0.0418321	1.95284	0.101845	0.412233
357	0.0418321	1.95285	0.101845	0.412234
358	0.0418321	1.95285	0.101844	0.412236
359	0.0418321	1.95285	0.101844	0.412237
360	0.0418322	1.95286	0.101844	0.412239
361	0.0418322	1.95286	0.101843	0.412241
362	0.0418322	1.95286	0.101843	0.412242
363	0.0418322	1.95287	0.101843	0.412244
364	0.0418322	1.95287	0.101842	0.412245
365	0.0418322	1.95287	0.101842	0.412247
366	0.0418322	1.95288	0.101841	0.412248
367	0.0418321	1.95288	0.101841	0.412249
368	0.0418321	1.95288	0.101841	0.412251
369	0.0418321	1.95288	0.10184	0.412252
370	0.041832	1.95289	0.10184	0.412253
371	0.041832	1.95289	0.10184	0.412254
372	0.041832	1.95289	0.101839	0.412255
373	0.0418319	1.9529	0.101839	0.412256
374	0.0418319	1.9529	0.101838	0.412257
375	0.0418318	1.9529	0.101838	0.412258
376	0.0418318	1.9529	0.101838	0.412259
377	0.0418317	1.95291	0.101837	0.41226
378	0.0418316	1.95291	0.101837	0.412261
379	0.0418316	1.95291	0.101837	0.412261
380	0.0418315	1.95291	0.101836	0.412262
381	0.0418315	1.95292	0.101836	0.412263
382	0.0418314	1.95292	0.101836	0.412263
383	0.0418313	1.95292	0.101836	0.412264
384	0.0418312	1.95292	0.101835	0.412264
385	0.0418312	1.95293	0.101835	0.412264
386	0.0418311	1.95293	0.101835	0.412265
387	0.041831	1.95293	0.101835	0.412265
388	0.041831	1.95293	0.101834	0.412265
389	0.0418309	1.95293	0.101834	0.412265
390	0.0418308	1.95293	0.101834	0.412265
391	0.0418308	1.95294	0.101834	0.412265
392	0.0418307	1.95294	0.101834	0.412265
393	0.0418306	1.95294	0.101833	0.412265
394	0.0418306	1.95294	0.101833	0.412265
395	0.0418305	1.95294	0.101833	0.412265
396	0.0418304	1.95294	0.101833	0.412265
397	0.0418304	1.95294	0.101833	0.412265
398	0.0418303	1.95295	0.101833	0.412265
399	0.0418303	1.95295	0.101833	0.412265
400	0.0418302	1.95295	0.101833	0.412264
401	0.0418302	1.95295	0.101833	0.412264
402	0.0418301	1.95295	0.101833	0.412264
403	0.0418301	1.95295	0.101832	0.412264
404	0.04183	1.95295	0.101832	0.412264
405	0.04183	1.95295	0.101832	0.412263
406	0.04183	1.95295	0.101832	0.412263
407	0.0418299	1.95295	0.101832	0.412263
408	0.0418299	1.95296	0.101832	0.412263
409	0.0418299	1.95296	0.101832	0.412263
410	0.0418298	1.95296	0.101832	0.412262
411	0.0418298	1.95296	0.101832	0.412262
412	0.0418298	1.95296	0.101832	0.412262
413	0.0418298	1.95296	0.101832	0.412262
414	0.0418297	1.95296	0.101832	0.412262
415	0.0418297	1.95296	0.101832	0.412262
416	0.0418297	1.95296	0.101832	0.412261
417	0.0418297	1.95296	0.101832	0.412261
418	0.0418297	1.95296	0.101832	0.412261
419	0.0418297	1.95296	0.101832	0.412261
420	0.0418297	1.95296	0.101832	0.412261
421	0.0418296	1.95296	0.101832	0.412261
422	0.0418296	1.95296	0.101832	0.412261
423	0.0418296	1.95296	0.101832	0.412261
424	0.0418296	1.95296	0.101832	0.412261
425	0.0418296	1.95296	0.101832	0.412261
426	0.0418296	1.95296	0.101832	0.41226
427	0.0418296	1.95296	0.101832	0.41226
428	0.0418296	1.95296	0.101832	0.41226
429	0.0418296	1.95296	0.101832	0.41226
430	0.0418296	1.95296	0.101832	0.41226
431	0.0418296	1.95296	0.101832	0.41226
432	0.0418296	1.95296	0.101832	0.41226
433	0.0418296	1.95297	0.101832	0.41226
434	0.0418296	1.95297	0.101832	0.41226
435	0.0418296	1.95297	0.101832	0.41226
436	0.0418296	1.95297	0.101832	0.41226
437	0.0418296	1.95297	0.101832	0.41226
438	0.0418296	1.95297	0.101832	0.412261
439	0.0418296	1.95297	0.101832	0.412261
440	0.0418296	1.95297	0.101832	0.412261
441	0.0418296	1.95297	0.101832	0.412261
442	0.0418296	1.95297	0.101832	0.412261
443	0.0418296	1.95297	0.101832	0.412261
444	0.0418296	1.95297	0.101832	0.412261
445	0.0418296	1.95297	0.101832	0.412261
446	0.0418296	1.95297	0.101832	0.412261
447	0.0418296	1.95297	0.101832	0.412261
448	0.0418296	1.95297	0.101832	0.412261
449	0.0418296	1.95297	0.101832	0.412261
450	0.0418296	1.95297	0.101832	0.412261
451	0.0418296	1.95297	0.101832	0.412261
452	0.0418296	1.95297	0.101832	0.412261
453	0.0418296	1.95297	0.101832	0.412261
454	0.0418296	1.95297	0.101832	0.412261
455	0.0418296	1.95297	0.101832	0.412261
456	0.0418296	1.95297	0.101832	0.412261
457	0.0418296	1.95297	0.101832	0.412261
458	0.0418296	1.95297	0.101832	0.412261
459	0.0418296	1.95297	0.101832	0.412261
460	0.0418296	1.95297	0.101832	0.412261
461	0.0418296	1.95297	0.101832	0.412261
462	0.0418296	1.95297	0.101832	0.412261
463	0.0418296	1.95297	0.101832	0.412261
464	0.0418296	1.95297	0.101832	0.412261
465	0.0418296	1.95297	0.101832	0.412261
466	0.0418296	1.95297	0.101832	0.412261
467	0.0418296	1.95297	0.101832	0.412261
468	0.0418296	1.95297	0.101832	0.412261
469	0.0418296	1.95297	0.101832	0.412261
470	0.0418296	1.95297	0.101832	0.412261
471	0.0418295	1.95297	0.101832	0.412261
472	0.0418295	1.95297	0.101832	0.412261
473	0.0418295	1.95297	0.101832	0.41226
474	0.0418295	1.95297	0.101832	0.41226
475	0.0418295	1.95297	0.101832	0.41226
476	0.0418295	1.95297	0.101832	0.41226
477	0.0418295	1.95297	0.101832	0.41226
478	0.0418295	1.95297	0.101832	0.41226
479	0.0418295	1.95297	0.101832	0.41226
480	0.0418295	1.95297	0.101832	0.41226
481	0.0418295	1.95297	0.101832	0.41226
482	0.0418295	1.95297	0.101832	0.41226
483	0.0418295	1.95297	0.101832	0.41226
484	0.0418295	1.95297	0.101832	0.41226
485	0.0418295	1.95297	0.101832	0.41226
486	0.0418295	1.95297	0.101832	0.41226
487	0.0418295	1.95297	0.101832	0.41226
488	0.0418295	1.95297	0.101832	0.41226
489	0.0418295	1.95297	0.101832	0.41226
490	0.0418295	1.95297	0.101832	0.412259
491	0.0418295	1.95297	0.101832	0.412259
492	0.0418295	1.95297	0.101832	0.412259
493	0.0418295	1.95297	0.101832	0.412259
494	0.0418295	1.95297	0.101832	0.412259
495	0.0418295	1.95297	0.101832	0.412259
496	0.0418295	1.95297	0.101832	0.412259
497	0.0418295	1.95297	0.101832	0.412259
498	0.0418295	1.95297	0.101832	0.412259
499	0.0418295	1.95297	0.101832	0.412259
500	0.0418296	1.95297	0.101832	0.412259
