   1.5644   1.5315   1.5904   1.6304   1.6602   1.6837   1.7031   1.7195   1.7336   1.7463   1.7575   1.7679   1.7774   1.7864   1.7948   1.8030   1.8110   1.8186   1.8264   1.8341   1.8419   1.8497   1.8577   1.8660   1.8744   1.8832   1.8924   1.9018   1.9117   1.9218   1.9324   1.9432   1.9562   1.9684   1.9772   1.9840   1.9890   1.9926        0        0        0
   1.4355   1.5348   1.5936   1.6335   1.6632   1.6867   1.7060   1.7222   1.7365   1.7490   1.7605   1.7709   1.7806   1.7895   1.7983   1.8067   1.8147   1.8229   1.8309   1.8389   1.8470   1.8552   1.8638   1.8724   1.8814   1.8908   1.9004   1.9104   1.9208   1.9315   1.9425   1.9557   1.9681   1.9770   1.9838   1.9889   1.9925   1.9945        0        0        0
   1.4390   1.5383   1.5970   1.6367   1.6663   1.6897   1.7088   1.7252   1.7394   1.7521   1.7635   1.7741   1.7837   1.7931   1.8020   1.8105   1.8190   1.8274   1.8358   1.8442   1.8526   1.8614   1.8703   1.8795   1.8892   1.8989   1.9091   1.9197   1.9306   1.9417   1.9551   1.9677   1.9767   1.9837   1.9889   1.9925   1.9945        0        0        0        0
   1.4426   1.5419   1.6004   1.6400   1.6696   1.6926   1.7119   1.7282   1.7425   1.7552   1.7668   1.7773   1.7874   1.7969   1.8059   1.8149   1.8237   1.8324   1.8411   1.8499   1.8589   1.8680   1.8775   1.8874   1.8973   1.9078   1.9185   1.9296   1.9410   1.9545   1.9673   1.9764   1.9835   1.9888   1.9925   1.9945        0        0        0        0        0
   1.4464   1.5456   1.6039   1.6435   1.6726   1.6959   1.7150   1.7314   1.7457   1.7586   1.7701   1.7810   1.7913   1.8009   1.8104   1.8196   1.8287   1.8378   1.8469   1.8563   1.8657   1.8754   1.8855   1.8957   1.9063   1.9173   1.9286   1.9401   1.9539   1.9669   1.9762   1.9833   1.9887   1.9924   1.9945        0        0        0        0        0        0
   1.4503   1.5495   1.6076   1.6467   1.6760   1.6991   1.7184   1.7348   1.7492   1.7620   1.7740   1.7850   1.7953   1.8055   1.8152   1.8248   1.8343   1.8437   1.8534   1.8631   1.8732   1.8835   1.8939   1.9048   1.9160   1.9275   1.9392   1.9533   1.9664   1.9759   1.9832   1.9886   1.9924   1.9945        0        0        0        0        0        0        0
   1.4543   1.5534   1.6111   1.6503   1.6794   1.7027   1.7219   1.7384   1.7528   1.7660   1.7781   1.7892   1.8000   1.8104   1.8205   1.8305   1.8403   1.8504   1.8604   1.8707   1.8814   1.8921   1.9032   1.9146   1.9264   1.9383   1.9526   1.9660   1.9756   1.9830   1.9885   1.9924   1.9945        0        0        0        0        0        0        0        0
   1.4585   1.5572   1.6150   1.6539   1.6832   1.7063   1.7257   1.7421   1.7569   1.7702   1.7824   1.7940   1.8051   1.8158   1.8263   1.8366   1.8471   1.8575   1.8682   1.8791   1.8901   1.9015   1.9132   1.9252   1.9373   1.9519   1.9655   1.9753   1.9828   1.9884   1.9923   1.9945        0        0        0        0        0        0        0        0        0
   1.4627   1.5614   1.6188   1.6579   1.6870   1.7103   1.7295   1.7463   1.7612   1.7746   1.7873   1.7992   1.8106   1.8217   1.8326   1.8435   1.8543   1.8654   1.8767   1.8880   1.8997   1.9116   1.9239   1.9363   1.9511   1.9650   1.9749   1.9826   1.9883   1.9923   1.9945        0        0        0        0        0        0        0        0        0        0
   1.4672   1.5657   1.6231   1.6620   1.6912   1.7143   1.7339   1.7509   1.7658   1.7798   1.7927   1.8049   1.8167   1.8282   1.8396   1.8509   1.8624   1.8741   1.8857   1.8977   1.9100   1.9225   1.9352   1.9503   1.9644   1.9746   1.9824   1.9882   1.9923   1.9945        0        0        0        0        0        0        0        0        0        0        0
   1.4718   1.5703   1.6275   1.6664   1.6954   1.7189   1.7386   1.7556   1.7711   1.7853   1.7985   1.8112   1.8233   1.8354   1.8472   1.8592   1.8712   1.8833   1.8956   1.9082   1.9211   1.9341   1.9495   1.9638   1.9742   1.9821   1.9881   1.9922   1.9945        0        0        0        0        0        0        0        0        0        0        0        0
   1.4768   1.5751   1.6323   1.6709   1.7002   1.7238   1.7436   1.7611   1.7768   1.7913   1.8049   1.8179   1.8307   1.8431   1.8556   1.8682   1.8807   1.8934   1.9063   1.9195   1.9328   1.9486   1.9632   1.9738   1.9819   1.9880   1.9922   1.9945        0        0        0        0        0        0        0        0        0        0        0        0        0
   1.4820   1.5803   1.6371   1.6760   1.7054   1.7290   1.7493   1.7670   1.7831   1.7979   1.8119   1.8255   1.8387   1.8518   1.8649   1.8778   1.8910   1.9043   1.9179   1.9315   1.9476   1.9626   1.9734   1.9817   1.9878   1.9921   1.9945        0        0        0        0        0        0        0        0        0        0        0        0        0        0
   1.4876   1.5855   1.6426   1.6816   1.7109   1.7350   1.7554   1.7735   1.7899   1.8051   1.8197   1.8337   1.8475   1.8612   1.8747   1.8884   1.9021   1.9161   1.9301   1.9466   1.9619   1.9729   1.9814   1.9877   1.9921   1.9945        0        0        0        0        0        0        0        0        0        0        0        0        0        0        0
   1.4934   1.5916   1.6486   1.6874   1.7172   1.7414   1.7622   1.7806   1.7973   1.8132   1.8281   1.8428   1.8572   1.8713   1.8855   1.8998   1.9142   1.9285   1.9454   1.9611   1.9724   1.9811   1.9875   1.9920   1.9945        0        0        0        0        0        0        0        0        0        0        0        0        0        0        0        0
   1.5000   1.5982   1.6549   1.6941   1.7240   1.7485   1.7696   1.7883   1.8057   1.8218   1.8375   1.8528   1.8676   1.8824   1.8972   1.9121   1.9269   1.9442   1.9603   1.9719   1.9808   1.9874   1.9920   1.9945        0        0        0        0        0        0        0        0        0        0        0        0        0        0        0        0        0
   1.5072   1.6050   1.6621   1.7014   1.7315   1.7563   1.7776   1.7970   1.8146   1.8315   1.8478   1.8634   1.8789   1.8943   1.9098   1.9251   1.9429   1.9595   1.9714   1.9805   1.9872   1.9919   1.9945        0        0        0        0        0        0        0        0        0        0        0        0        0        0        0        0        0        0
   1.5147   1.6130   1.6699   1.7093   1.7397   1.7647   1.7867   1.8063   1.8246   1.8421   1.8587   1.8751   1.8912   1.9073   1.9231   1.9415   1.9585   1.9708   1.9801   1.9870   1.9919   1.9945        0        0        0        0        0        0        0        0        0        0        0        0        0        0        0        0        0        0        0
   1.5235   1.6216   1.6785   1.7180   1.7486   1.7742   1.7964   1.8167   1.8356   1.8534   1.8708   1.8877   1.9045   1.9209   1.9400   1.9575   1.9701   1.9797   1.9868   1.9918   1.9945        0        0        0        0        0        0        0        0        0        0        0        0        0        0        0        0        0        0        0        0
   1.5330   1.6311   1.6880   1.7276   1.7586   1.7844   1.8072   1.8281   1.8474   1.8659   1.8838   1.9014   1.9185   1.9383   1.9564   1.9694   1.9793   1.9866   1.9917   1.9945        0        0        0        0        0        0        0        0        0        0        0        0        0        0        0        0        0        0        0        0        0
   1.5435   1.6414   1.6983   1.7383   1.7694   1.7958   1.8192   1.8403   1.8603   1.8794   1.8979   1.9159   1.9364   1.9552   1.9686   1.9788   1.9864   1.9916   1.9945        0        0        0        0        0        0        0        0        0        0        0        0        0        0        0        0        0        0        0        0        0        0
   1.5551   1.6528   1.7099   1.7498   1.7815   1.8084   1.8319   1.8538   1.8743   1.8940   1.9129   1.9343   1.9538   1.9677   1.9783   1.9862   1.9916   1.9945        0        0        0        0        0        0        0        0        0        0        0        0        0        0        0        0        0        0        0        0        0        0        0
   1.5677   1.6656   1.7224   1.7627   1.7948   1.8218   1.8460   1.8683   1.8894   1.9095   1.9319   1.9523   1.9668   1.9778   1.9859   1.9915   1.9945        0        0        0        0        0        0        0        0        0        0        0        0        0        0        0        0        0        0        0        0        0        0        0        0
   1.5821   1.6795   1.7363   1.7769   1.8090   1.8366   1.8612   1.8841   1.9055   1.9292   1.9505   1.9657   1.9772   1.9856   1.9914   1.9945        0        0        0        0        0        0        0        0        0        0        0        0        0        0        0        0        0        0        0        0        0        0        0        0        0
   1.5976   1.6950   1.7518   1.7921   1.8247   1.8526   1.8778   1.9009   1.9261   1.9486   1.9645   1.9765   1.9852   1.9913   1.9945        0        0        0        0        0        0        0        0        0        0        0        0        0        0        0        0        0        0        0        0        0        0        0        0        0        0
   1.6151   1.7122   1.7684   1.8090   1.8417   1.8701   1.8955   1.9224   1.9463   1.9631   1.9757   1.9848   1.9911   1.9945        0        0        0        0        0        0        0        0        0        0        0        0        0        0        0        0        0        0        0        0        0        0        0        0        0        0        0
   1.6345   1.7307   1.7867   1.8273   1.8603   1.8887   1.9180   1.9436   1.9615   1.9748   1.9844   1.9910   1.9945        0        0        0        0        0        0        0        0        0        0        0        0        0        0        0        0        0        0        0        0        0        0        0        0        0        0        0        0
   1.6556   1.7512   1.8068   1.8473   1.8802   1.9126   1.9404   1.9595   1.9737   1.9839   1.9908   1.9945        0        0        0        0        0        0        0        0        0        0        0        0        0        0        0        0        0        0        0        0        0        0        0        0        0        0        0        0        0
   1.6791   1.7737   1.8287   1.8688   1.9058   1.9363   1.9572   1.9724   1.9833   1.9906   1.9945        0        0        0        0        0        0        0        0        0        0        0        0        0        0        0        0        0        0        0        0        0        0        0        0        0        0        0        0        0        0
   1.7051   1.7985   1.8524   1.8965   1.9312   1.9543   1.9709   1.9826   1.9904   1.9945        0        0        0        0        0        0        0        0        0        0        0        0        0        0        0        0        0        0        0        0        0        0        0        0        0        0        0        0        0        0        0
   1.7339   1.8253   1.8830   1.9242   1.9506   1.9690   1.9817   1.9901   1.9945        0        0        0        0        0        0        0        0        0        0        0        0        0        0        0        0        0        0        0        0        0        0        0        0        0        0        0        0        0        0        0        0
   1.7655   1.8603   1.9139   1.9455   1.9665   1.9807   1.9898   1.9945        0        0        0        0        0        0        0        0        0        0        0        0        0        0        0        0        0        0        0        0        0        0        0        0        0        0        0        0        0        0        0        0        0
   1.8075   1.8961   1.9378   1.9630   1.9792   1.9894   1.9945        0        0        0        0        0        0        0        0        0        0        0        0        0        0        0        0        0        0        0        0        0        0        0        0        0        0        0        0        0        0        0        0        0        0
   1.8517   1.9242   1.9578   1.9772   1.9888   1.9945        0        0        0        0        0        0        0        0        0        0        0        0        0        0        0        0        0        0        0        0        0        0        0        0        0        0        0        0        0        0        0        0        0        0        0
   1.8878   1.9482   1.9741   1.9880   1.9945        0        0        0        0        0        0        0        0        0        0        0        0        0        0        0        0        0        0        0        0        0        0        0        0        0        0        0        0        0        0        0        0        0        0        0        0
   1.9199   1.9682   1.9868   1.9945        0        0        0        0        0        0        0        0        0        0        0        0        0        0        0        0        0        0        0        0        0        0        0        0        0        0        0        0        0        0        0        0        0        0        0        0        0
   1.9489   1.9843   1.9945        0        0        0        0        0        0        0        0        0        0        0        0        0        0        0        0        0        0        0        0        0        0        0        0        0        0        0        0        0        0        0        0        0        0        0        0        0        0
   1.9746   1.9945        0        0        0        0        0        0        0        0        0        0        0        0        0        0        0        0        0        0        0        0        0        0        0        0        0        0        0        0        0        0        0        0        0        0        0        0        0        0        0
   1.9945        0        0        0        0        0        0        0        0        0        0        0        0        0        0        0        0        0        0        0        0        0        0        0        0        0        0        0        0        0        0        0        0        0        0        0        0        0        0        0        0
        0        0        0        0        0        0        0        0        0        0        0        0        0        0        0        0        0        0        0        0        0        0        0        0        0        0        0        0        0        0        0        0        0        0        0        0        0        0        0        0        0
        0        0        0        0        0        0        0        0        0        0        0        0        0        0        0        0        0        0        0        0        0        0        0        0        0        0        0        0        0        0        0        0        0        0        0        0        0        0        0        0        0
