    0.5555    1.0354    1.6423    2.3057    3.0083    3.7422    4.5034    5.2893    6.0937    6.9230    7.7708    8.6414    9.5321   10.4464   11.3781   12.3417   13.3314   14.3462   15.4020   16.4924   17.6245   18.8028   20.0316   21.3266   22.6828   24.1240   25.6593   27.2843   29.0367   30.9255   32.9819   35.2181   37.9506   40.9006   43.6281   46.2598   48.7647   51.1124         0         0         0
    0.5748    1.0641    1.6750    2.3419    3.0480    3.7860    4.5517    5.3384    6.1514    6.9842    7.8407    8.7181    9.6195   10.5390   11.4903   12.4679   13.4706   14.5139   15.5916   16.7105   17.8751   19.0897   20.3694   21.7095   23.1333   24.6498   26.2548   27.9852   29.8501   31.8803   34.0881   36.7836   39.6957   42.3935   45.0007   47.4859   49.8192   51.8317         0         0         0
    0.5991    1.0934    1.7078    2.3783    3.0884    3.8307    4.5975    5.3924    6.2090    7.0502    7.9133    8.8011    9.7077   10.6461   11.6109   12.6012   13.6315   14.6962   15.8016   16.9523   18.1523   19.4163   20.7401   22.1463   23.6436   25.2283   26.9365   28.7773   30.7810   32.9600   35.6182   38.4921   41.1598   43.7421   46.2075   48.5261   50.5317         0         0         0         0
    0.6240    1.1226    1.7407    2.4152    3.1296    3.8732    4.6479    5.4463    6.2709    7.1187    7.9919    8.8848    9.8096   10.7611   11.7383   12.7553   13.8064   14.8980   16.0343   17.2194   18.4676   19.7747   21.1630   22.6409   24.2051   25.8908   27.7071   29.6840   31.8340   34.4545   37.2897   39.9270   42.4841   44.9294   47.2331   49.2317         0         0         0         0         0
    0.6483    1.1517    1.7740    2.4528    3.1687    3.9199    4.6980    5.5043    6.3353    7.1927    8.0710    8.9814    9.9189   10.8826   11.8856   12.9227   14.0000   15.1216   16.2915   17.5234   18.8136   20.1836   21.6419   23.1852   24.8481   26.6397   28.5895   30.7102   33.2926   36.0886   38.6951   41.2267   43.6516   45.9403   47.9317         0         0         0         0         0         0
    0.6725    1.1811    1.8079    2.4885    3.2116    3.9663    4.7519    5.5645    6.4048    7.2673    8.1624    9.0851   10.0344   11.0229   12.0456   13.1081   14.2145   15.3687   16.5841   17.8569   19.2084   20.6466   22.1688   23.8086   25.5752   27.4975   29.5886   32.1324   34.8889   37.4642   39.9699   42.3742   44.6475   46.6317         0         0         0         0         0         0         0
    0.6968    1.2109    1.8401    2.5274    3.2542    4.0160    4.8078    5.6293    6.4747    7.3533    8.2603    9.1946   10.1678   11.1753   12.2226   13.3134   14.4515   15.6498   16.9050   18.2375   19.6554   21.1562   22.7726   24.5138   26.4083   28.4693   30.9741   33.6905   36.2343   38.7138   41.0971   43.3549   45.3317         0         0         0         0         0         0         0         0
    0.7214    1.2393    1.8749    2.5661    3.2997    4.0677    4.8681    5.6946    6.5554    7.4455    8.3637    9.3210   10.3126   11.3439   12.4186   13.5401   14.7210   15.9581   17.2713   18.6685   20.1474   21.7400   23.4555   25.3219   27.3524   29.8179   32.4937   35.0054   37.4584   39.8204   42.0625   44.0317         0         0         0         0         0         0         0         0         0
    0.7460    1.2698    1.9096    2.6074    3.3470    4.1232    4.9286    5.7698    6.6417    7.5428    8.4830    9.4581   10.4728   11.5306   12.6351   13.7980   15.0166   16.3100   17.6860   19.1427   20.7112   22.4006   24.2385   26.2382   28.6637   31.2984   33.7777   36.2037   38.5441   40.7702   42.7317         0         0         0         0         0         0         0         0         0         0
    0.7710    1.3002    1.9464    2.6502    3.3977    4.1789    4.9983    5.8502    6.7328    7.6549    8.6124    9.6097   10.6500   11.7367   12.8811   14.0807   15.3539   16.7084   18.1424   19.6863   21.3492   23.1582   25.1266   27.5117   30.1048   32.5511   34.9497   37.2682   39.4780   41.4317         0         0         0         0         0         0         0         0         0         0         0
    0.7966    1.3322    1.9846    2.6960    3.4486    4.2431    5.0728    5.9351    6.8377    7.7765    8.7554    9.7774   10.8456   11.9709   13.1509   14.4033   15.7357   17.1468   18.6657   20.3016   22.0812   24.0180   26.3620   28.9129   31.3258   33.6966   35.9928   38.1861   40.1317         0         0         0         0         0         0         0         0         0         0         0         0
    0.8228    1.3656    2.0254    2.7419    3.5071    4.3115    5.1513    6.0327    6.9514    7.9107    8.9135    9.9625   11.0679   12.2277   13.4587   14.7686   16.1560   17.6494   19.2579   21.0077   22.9123   25.2147   27.7228   30.1018   32.4443   34.7178   36.8942   38.8317         0         0         0         0         0         0         0         0         0         0         0         0         0
    0.8504    1.4010    2.0661    2.7946    3.5694    4.3836    5.2415    6.1384    7.0769    8.0592    9.0879   10.1727   11.3114   12.5205   13.8072   15.1705   16.6379   18.2185   19.9379   21.8098   24.0700   26.5346   28.8791   31.1929   33.4433   35.6026   37.5317         0         0         0         0         0         0         0         0         0         0         0         0         0         0
    0.8791    1.4362    2.1129    2.8506    3.6350    4.4664    5.3392    6.2550    7.2156    8.2228    9.2859   10.4029   11.5892   12.8520   14.1906   15.6314   17.1835   18.8720   20.7107   22.9281   25.3485   27.6579   29.9424   32.1693   34.3112   36.2317         0         0         0         0         0         0         0         0         0         0         0         0         0         0         0
    0.9083    1.4766    2.1624    2.9096    3.7101    4.5558    5.4467    6.3838    7.3683    8.4085    9.5027   10.6654   11.9036   13.2167   14.6303   16.1534   17.8104   19.6152   21.7891   24.1646   26.4383   28.6929   30.8959   33.0199   34.9317         0         0         0         0         0         0         0         0         0         0         0         0         0         0         0         0
    0.9411    1.5193    2.2145    2.9769    3.7912    4.6542    5.5655    6.5254    7.5415    8.6117    9.7498   10.9625   12.2494   13.6351   15.1284   16.7533   18.5236   20.6531   22.9829   25.2203   27.4446   29.6230   31.7289   33.6317         0         0         0         0         0         0         0         0         0         0         0         0         0         0         0         0         0
    0.9760    1.5641    2.2738    3.0495    3.8803    4.7628    5.6960    6.6860    7.7309    8.8432   10.0294   11.2892   12.6461   14.1089   15.7009   17.4361   19.5205   21.8038   24.0041   26.1973   28.3508   30.4381   32.3317         0         0         0         0         0         0         0         0         0         0         0         0         0         0         0         0         0         0
    1.0121    1.6149    2.3377    3.1292    3.9786    4.8820    5.8438    6.8616    7.9467    9.1051   10.3368   11.6641   13.0955   14.6539   16.3531   18.3915   20.6273   22.7897   24.9513   27.0793   29.1475   31.0317         0         0         0         0         0         0         0         0         0         0         0         0         0         0         0         0         0         0         0
    1.0533    1.6696    2.4076    3.2169    4.0862    5.0168    6.0052    7.0614    8.1907    9.3930   10.6895   12.0887   13.6125   15.2749   17.2663   19.4537   21.5774   23.7066   25.8084   27.8573   29.7317         0         0         0         0         0         0         0         0         0         0         0         0         0         0         0         0         0         0         0         0
    1.0973    1.7292    2.4844    3.3128    4.2079    5.1640    6.1889    7.2872    8.4588    9.7233   11.0890   12.5772   14.2019   16.1452   18.2831   20.3673   22.4633   24.5384   26.5673   28.4317         0         0         0         0         0         0         0         0         0         0         0         0         0         0         0         0         0         0         0         0         0
    1.1452    1.7945    2.5683    3.4210    4.3405    5.3312    6.3963    7.5352    8.7663   10.0973   11.5488   13.1346   15.0288   17.1160   19.1596   21.2215   23.2692   25.2776   27.1317         0         0         0         0         0         0         0         0         0         0         0         0         0         0         0         0         0         0         0         0         0         0
    1.1979    1.8657    2.6626    3.5387    4.4910    5.5199    6.6239    7.8196    9.1144   10.5279   12.0736   13.9173   15.9525   17.9544   19.9815   22.0009   23.9882   25.8317         0         0         0         0         0         0         0         0         0         0         0         0         0         0         0         0         0         0         0         0         0         0         0
    1.2541    1.9455    2.7650    3.6721    4.6607    5.7268    6.8849    8.1415    9.5153   11.0196   12.8113   14.7931   16.7522   18.7432   20.7335   22.6992   24.5317         0         0         0         0         0         0         0         0         0         0         0         0         0         0         0         0         0         0         0         0         0         0         0         0
    1.3179    2.0319    2.8809    3.8224    4.8464    5.9639    7.1801    8.5123    9.9734   11.7114   13.6382   15.5531   17.5070   19.4673   21.4106   23.2317         0         0         0         0         0         0         0         0         0         0         0         0         0         0         0         0         0         0         0         0         0         0         0         0         0
    1.3859    2.1294    3.0112    3.9866    5.0592    6.2319    7.5201    8.9360   10.6184   12.4883   14.3575   16.2730   18.2023   20.1224   21.9317         0         0         0         0         0         0         0         0         0         0         0         0         0         0         0         0         0         0         0         0         0         0         0         0         0         0
    1.4628    2.2388    3.1532    4.1745    5.2995    6.5405    7.9088    9.5333   11.3441   13.1658   15.0416   16.9387   18.8348   20.6317         0         0         0         0         0         0         0         0         0         0         0         0         0         0         0         0         0         0         0         0         0         0         0         0         0         0         0
    1.5482    2.3577    3.3156    4.3864    5.5760    6.8934    8.4572   10.2064   11.9787   13.8129   15.6765   17.5476   19.3317         0         0         0         0         0         0         0         0         0         0         0         0         0         0         0         0         0         0         0         0         0         0         0         0         0         0         0         0
    1.6415    2.4934    3.4982    4.6301    5.8923    7.3917    9.0762   10.7967   12.5876   14.4161   16.2611   18.0317         0         0         0         0         0         0         0         0         0         0         0         0         0         0         0         0         0         0         0         0         0         0         0         0         0         0         0         0         0
    1.7471    2.6455    3.7081    4.9087    6.3390    7.9551    9.6208   11.3660   13.1577   14.9754   16.7317         0         0         0         0         0         0         0         0         0         0         0         0         0         0         0         0         0         0         0         0         0         0         0         0         0         0         0         0         0         0
    1.8654    2.8201    3.9478    5.3022    6.8448    8.4521   10.1488   11.9017   13.6904   15.4317         0         0         0         0         0         0         0         0         0         0         0         0         0         0         0         0         0         0         0         0         0         0         0         0         0         0         0         0         0         0         0
    2.0005    3.0192    4.2862    5.7482    7.2923    8.9371   10.6484   12.4064   14.1317         0         0         0         0         0         0         0         0         0         0         0         0         0         0         0         0         0         0         0         0         0         0         0         0         0         0         0         0         0         0         0         0
    2.1547    3.3001    4.6698    6.1438    7.7320    9.3985   11.1236   12.8317         0         0         0         0         0         0         0         0         0         0         0         0         0         0         0         0         0         0         0         0         0         0         0         0         0         0         0         0         0         0         0         0         0
    2.3707    3.6179    5.0107    6.5356    8.1529    9.8422   11.5317         0         0         0         0         0         0         0         0         0         0         0         0         0         0         0         0         0         0         0         0         0         0         0         0         0         0         0         0         0         0         0         0         0         0
    2.6157    3.9004    5.3513    6.9130    8.5627   10.2317         0         0         0         0         0         0         0         0         0         0         0         0         0         0         0         0         0         0         0         0         0         0         0         0         0         0         0         0         0         0         0         0         0         0         0
    2.8326    4.1855    5.6812    7.2858    8.9317         0         0         0         0         0         0         0         0         0         0         0         0         0         0         0         0         0         0         0         0         0         0         0         0         0         0         0         0         0         0         0         0         0         0         0         0
    3.0550    4.4625    6.0126    7.6317         0         0         0         0         0         0         0         0         0         0         0         0         0         0         0         0         0         0         0         0         0         0         0         0         0         0         0         0         0         0         0         0         0         0         0         0         0
    3.2712    4.7460    6.3317         0         0         0         0         0         0         0         0         0         0         0         0         0         0         0         0         0         0         0         0         0         0         0         0         0         0         0         0         0         0         0         0         0         0         0         0         0         0
    3.4950    5.0317         0         0         0         0         0         0         0         0         0         0         0         0         0         0         0         0         0         0         0         0         0         0         0         0         0         0         0         0         0         0         0         0         0         0         0         0         0         0         0
    3.7317         0         0         0         0         0         0         0         0         0         0         0         0         0         0         0         0         0         0         0         0         0         0         0         0         0         0         0         0         0         0         0         0         0         0         0         0         0         0         0         0
         0         0         0         0         0         0         0         0         0         0         0         0         0         0         0         0         0         0         0         0         0         0         0         0         0         0         0         0         0         0         0         0         0         0         0         0         0         0         0         0         0
         0         0         0         0         0         0         0         0         0         0         0         0         0         0         0         0         0         0         0         0         0         0         0         0         0         0         0         0         0         0         0         0         0         0         0         0         0         0         0         0         0
