    1.0700    1.5882    2.1856    2.7920    3.3967    3.9973    4.5930    5.1838    5.7705    6.3515    6.9282    7.4994    8.0657    8.6263    9.1824    9.7307   10.2724   10.8077   11.3326   11.8485   12.3535   12.8462   13.3253   13.7865   14.2306   14.6509   15.0441   15.4105   15.7388   16.0248   16.2577   16.4315   16.4478   16.3819   16.3709   16.3802   16.4234   16.5135         0         0         0
    1.0600    1.5804    2.1779    2.7840    3.3882    3.9880    4.5828    5.1733    5.7581    6.3383    6.9130    7.4826    8.0464    8.6056    9.1570    9.7019   10.2403   10.7685   11.2878   11.7963   12.2928   12.7758   13.2413   13.6899   14.1151   14.5138   14.8860   15.2208   15.5140   15.7550   15.9376   15.9656   15.9119   15.9107   15.9282   15.9780   16.0729   16.2723         0         0         0
    1.0500    1.5724    2.1703    2.7760    3.3795    3.9785    4.5731    5.1618    5.7458    6.3240    6.8971    7.4643    8.0267    8.5815    9.1296    9.6713   10.2029   10.7256   11.2378   11.7381   12.2251   12.6949   13.1481   13.5783   13.9824   14.3606   14.7020   15.0024   15.2515   15.4431   15.4829   15.4415   15.4502   15.4760   15.5324   15.6323   15.8340         0         0         0         0
    1.0400    1.5646    2.1626    2.7679    3.3707    3.9695    4.5624    5.1503    5.7324    6.3091    6.8799    7.4457    8.0039    8.5555    9.1005    9.6356   10.1620   10.6778   11.1820   11.6731   12.1473   12.6051   13.0404   13.4501   13.8343   14.1823   14.4901   14.7473   14.9479   14.9996   14.9708   14.9894   15.0236   15.0867   15.1916   15.3956         0         0         0         0         0
    1.0300    1.5568    2.1549    2.7596    3.3623    3.9595    4.5517    5.1379    5.7185    6.2930    6.8625    7.4243    7.9794    8.5279    9.0666    9.5967   10.1163   10.6244   11.1197   11.5984   12.0609   12.5014   12.9167   13.3069   13.6616   13.9768   14.2424   14.4520   14.5158   14.4996   14.5283   14.5710   14.6410   14.7509   14.9573         0         0         0         0         0         0
    1.0200    1.5490    2.1470    2.7518    3.3531    3.9496    4.5402    5.1250    5.7035    6.2767    6.8423    7.4011    7.9533    8.4958    9.0296    9.5532   10.0654   10.5649   11.0481   11.5155   11.9612   12.3822   12.7785   13.1401   13.4627   13.7366   13.9554   14.0314   14.0279   14.0669   14.1182   14.1951   14.3101   14.5190         0         0         0         0         0         0         0
    1.0100    1.5411    2.1396    2.7433    3.3440    3.9390    4.5282    5.1110    5.6883    6.2578    6.8206    7.3765    7.9230    8.4607    8.9884    9.5047   10.0085   10.4964   10.9687   11.4197   11.8466   12.2491   12.6175   12.9477   13.2300   13.4581   13.5464   13.5558   13.6052   13.6652   13.7490   13.8693   14.0807         0         0         0         0         0         0         0         0
    1.0000    1.5336    2.1316    2.7348    3.3342    3.9279    4.5153    5.0969    5.6707    6.2375    6.7975    7.3480    7.8899    8.4217    8.9423    9.4506    9.9432   10.4205   10.8769   11.3096   11.7184   12.0938   12.4317   12.7225   12.9600   13.0607   13.0833   13.1431   13.2119   13.3029   13.4284   13.6424         0         0         0         0         0         0         0         0         0
    0.9920    1.5256    2.1236    2.7258    3.3240    3.9160    4.5022    5.0806    5.6518    6.2160    6.7708    7.3169    7.8530    8.3780    8.8909    9.3884    9.8708   10.3327   10.7714   11.1866   11.5690   11.9147   12.2141   12.4612   12.5744   12.6102   12.6806   12.7584   12.8566   12.9875   13.2041         0         0         0         0         0         0         0         0         0         0
    0.9820    1.5177    2.1151    2.7164    3.3131    3.9041    4.4872    5.0630    5.6317    6.1910    6.7416    7.2822    7.8118    8.3294    8.8319    9.3195    9.7870   10.2319   10.6535   11.0431   11.3966   11.7048   11.9614   12.0874   12.1365   12.2178   12.3046   12.4102   12.5466   12.7658         0         0         0         0         0         0         0         0         0         0         0
    0.9730    1.5094    2.1064    2.7064    3.3021    3.8902    4.4710    5.0445    5.6085    6.1637    6.7091    7.2435    7.7660    8.2736    8.7665    9.2398    9.6908   10.1191   10.5159   10.8774   11.1944   11.4608   11.5996   11.6623   11.7545   11.8506   11.9636   12.1056   12.3275         0         0         0         0         0         0         0         0         0         0         0         0
    0.9630    1.5008    2.0971    2.6963    3.2895    3.8755    4.4540    5.0230    5.5832    6.1334    6.6728    7.2004    7.7133    8.2117    8.6909    9.1482    9.5832    9.9874   10.3570   10.6830   10.9592   11.1111   11.1875   11.2908   11.3963   11.5169   11.6645   11.8892         0         0         0         0         0         0         0         0         0         0         0         0         0
    0.9530    1.4917    2.0878    2.6848    3.2760    3.8598    4.4342    4.9996    5.5551    6.0996    6.6325    7.1509    7.6549    8.1401    8.6040    9.0458    9.4575    9.8353   10.1704   10.4566   10.6217   10.7121   10.8267   10.9417   11.0700   11.2234   11.4509         0         0         0         0         0         0         0         0         0         0         0         0         0         0
    0.9420    1.4827    2.0771    2.6725    3.2617    3.8418    4.4128    4.9737    5.5237    6.0621    6.5862    7.0961    7.5875    8.0579    8.5067    8.9261    9.3122    9.6566    9.9530   10.1315   10.2360   10.3621   10.4867   10.6229   10.7822   11.0126         0         0         0         0         0         0         0         0         0         0         0         0         0         0         0
    0.9320    1.4724    2.0658    2.6595    3.2454    3.8222    4.3890    4.9448    5.4889    6.0190    6.5349    7.0327    7.5100    7.9659    8.3931    8.7878    9.1415    9.4482    9.6403    9.7592    9.8969   10.0315   10.1757   10.3409   10.5743         0         0         0         0         0         0         0         0         0         0         0         0         0         0         0         0
    0.9200    1.4617    2.0540    2.6447    3.2276    3.8006    4.3625    4.9128    5.4491    5.9713    6.4757    6.9600    7.4233    7.8584    8.2617    8.6251    8.9423    9.1481    9.2817    9.4312    9.5759    9.7283    9.8996   10.1360         0         0         0         0         0         0         0         0         0         0         0         0         0         0         0         0         0
    0.9080    1.4504    2.0405    2.6287    3.2080    3.7765    4.3332    4.8761    5.4049    5.9162    6.4077    6.8785    7.3219    7.7341    8.1071    8.4350    8.6549    8.8033    8.9650    9.1198    9.2806    9.4582    9.6977         0         0         0         0         0         0         0         0         0         0         0         0         0         0         0         0         0         0
    0.8950    1.4377    2.0260    2.6111    3.1863    3.7499    4.2997    4.8355    5.3540    5.8529    6.3316    6.7834    7.2046    7.5876    7.9264    8.1605    8.3241    8.4981    8.6634    8.8327    9.0167    9.2593         0         0         0         0         0         0         0         0         0         0         0         0         0         0         0         0         0         0         0
    0.8810    1.4241    2.0101    2.5916    3.1624    3.7195    4.2627    4.7887    5.2955    5.7822    6.2426    6.6732    7.0664    7.4162    7.6650    7.8439    8.0305    8.2066    8.3846    8.5751    8.8210         0         0         0         0         0         0         0         0         0         0         0         0         0         0         0         0         0         0         0         0
    0.8660    1.4093    1.9927    2.5702    3.1351    3.6861    4.2200    4.7350    5.2301    5.6995    6.1396    6.5433    6.9045    7.1680    7.3627    7.5622    7.7492    7.9362    8.1335    8.3827         0         0         0         0         0         0         0         0         0         0         0         0         0         0         0         0         0         0         0         0         0
    0.8500    1.3932    1.9736    2.5459    3.1051    3.6475    4.1712    4.6751    5.1537    5.6037    6.0181    6.3910    6.6697    6.8804    7.0931    7.2914    7.4875    7.6917    7.9444         0         0         0         0         0         0         0         0         0         0         0         0         0         0         0         0         0         0         0         0         0         0
    0.8330    1.3758    1.9520    2.5193    3.0707    3.6034    4.1166    4.6050    5.0652    5.4907    5.8755    6.1698    6.3970    6.6231    6.8330    7.0386    7.2498    7.5061         0         0         0         0         0         0         0         0         0         0         0         0         0         0         0         0         0         0         0         0         0         0         0
    0.8140    1.3562    1.9285    2.4888    3.0313    3.5543    4.0529    4.5238    4.9608    5.3579    5.6681    5.9122    6.1522    6.3740    6.5893    6.8078    7.0678         0         0         0         0         0         0         0         0         0         0         0         0         0         0         0         0         0         0         0         0         0         0         0         0
    0.7940    1.3351    1.9018    2.4541    2.9876    3.4969    3.9791    4.4280    4.8380    5.1645    5.4259    5.6803    5.9143    6.1396    6.3656    6.6295         0         0         0         0         0         0         0         0         0         0         0         0         0         0         0         0         0         0         0         0         0         0         0         0         0
    0.7720    1.3113    1.8714    2.4157    2.9365    3.4306    3.8920    4.3153    4.6587    4.9380    5.2072    5.4538    5.6895    5.9233    6.1912         0         0         0         0         0         0         0         0         0         0         0         0         0         0         0         0         0         0         0         0         0         0         0         0         0         0
    0.7480    1.2847    1.8381    2.3710    2.8777    3.3523    3.7895    4.1504    4.4483    4.7327    4.9925    5.2389    5.4809    5.7529         0         0         0         0         0         0         0         0         0         0         0         0         0         0         0         0         0         0         0         0         0         0         0         0         0         0         0
    0.7210    1.2556    1.7994    2.3195    2.8082    3.2601    3.6393    3.9564    4.2568    4.5303    4.7879    5.0382    5.3146         0         0         0         0         0         0         0         0         0         0         0         0         0         0         0         0         0         0         0         0         0         0         0         0         0         0         0         0
    0.6930    1.2222    1.7552    2.2589    2.7265    3.1249    3.4621    3.7792    4.0669    4.3362    4.5953    4.8763         0         0         0         0         0         0         0         0         0         0         0         0         0         0         0         0         0         0         0         0         0         0         0         0         0         0         0         0         0
    0.6610    1.1845    1.7033    2.1877    2.6065    2.9649    3.2996    3.6023    3.8839    4.1522    4.4380         0         0         0         0         0         0         0         0         0         0         0         0         0         0         0         0         0         0         0         0         0         0         0         0         0         0         0         0         0         0
    0.6260    1.1407    1.6425    2.0832    2.4642    2.8176    3.1362    3.4308    3.7089    3.9997         0         0         0         0         0         0         0         0         0         0         0         0         0         0         0         0         0         0         0         0         0         0         0         0         0         0         0         0         0         0         0
    0.5860    1.0898    1.5536    1.9591    2.3326    2.6683    2.9767    3.2651    3.5614         0         0         0         0         0         0         0         0         0         0         0         0         0         0         0         0         0         0         0         0         0         0         0         0         0         0         0         0         0         0         0         0
    0.5410    1.0160    1.4481    1.8438    2.1981    2.5215    2.8210    3.1230         0         0         0         0         0         0         0         0         0         0         0         0         0         0         0         0         0         0         0         0         0         0         0         0         0         0         0         0         0         0         0         0         0
    0.4770    0.9293    1.3500    1.7250    2.0649    2.3764    2.6847         0         0         0         0         0         0         0         0         0         0         0         0         0         0         0         0         0         0         0         0         0         0         0         0         0         0         0         0         0         0         0         0         0         0
    0.4050    0.8489    1.2478    1.6062    1.9312    2.2464         0         0         0         0         0         0         0         0         0         0         0         0         0         0         0         0         0         0         0         0         0         0         0         0         0         0         0         0         0         0         0         0         0         0         0
    0.3400    0.7644    1.1448    1.4850    1.8081         0         0         0         0         0         0         0         0         0         0         0         0         0         0         0         0         0         0         0         0         0         0         0         0         0         0         0         0         0         0         0         0         0         0         0         0
    0.2720    0.6789    1.0376    1.3698         0         0         0         0         0         0         0         0         0         0         0         0         0         0         0         0         0         0         0         0         0         0         0         0         0         0         0         0         0         0         0         0         0         0         0         0         0
    0.2050    0.5880    0.9315         0         0         0         0         0         0         0         0         0         0         0         0         0         0         0         0         0         0         0         0         0         0         0         0         0         0         0         0         0         0         0         0         0         0         0         0         0         0
    0.1330    0.4932         0         0         0         0         0         0         0         0         0         0         0         0         0         0         0         0         0         0         0         0         0         0         0         0         0         0         0         0         0         0         0         0         0         0         0         0         0         0         0
    0.0549         0         0         0         0         0         0         0         0         0         0         0         0         0         0         0         0         0         0         0         0         0         0         0         0         0         0         0         0         0         0         0         0         0         0         0         0         0         0         0         0
         0         0         0         0         0         0         0         0         0         0         0         0         0         0         0         0         0         0         0         0         0         0         0         0         0         0         0         0         0         0         0         0         0         0         0         0         0         0         0         0         0
         0         0         0         0         0         0         0         0         0         0         0         0         0         0         0         0         0         0         0         0         0         0         0         0         0         0         0         0         0         0         0         0         0         0         0         0         0         0         0         0         0
